78 ) 38886
74 ) 34080
15 16 17 hints656 40 2
89 ) 131798
15 16 17 hints641 178 164
95 ) 90556
94 ) 51534
89 ) 56910
156 ) 105060
15 16 17 hints540 329 136
15 16 17 hints592 564 379
93 ) 88437
15 16 17 hints551 92 62
15 16 17 hints596 543 74
15 16 17 hints621 533 71
15 16 17 hints714 587 11
140 ) 312872
129 ) 316740
91 ) 126616
15 16 17 hints396 80 5
88 ) 88437
15 16 17 hints439 29 15
143 ) 373510
154 ) 377768
71 ) 38886
89 ) 123053
15 16 17 hints699 338 13
148 ) 560897
86 ) 65004
85 ) 104674
179 ) 560897
100 ) 111110
92 ) 123053
15 16 17 hints704 571 11
15 16 17 hints650 183 128
15 16 17 hints664 120 56
15 16 17 hints631 183 128
15 16 17 hints556 314 2
231 ) 602710
185 ) 652591
112 ) 88437
15 16 17 hints105 67 43
178 ) 652591
87 ) 191110
15 16 17 hints610 203 19
280 ) 659112
15 16 17 hints473 54 28
15 16 17 hints473 54 28
15 16 17 hints290 190 56
15 16 17 hints95 56 28
15 16 17 hints468 54 41
15 16 17 hints289 221 119
15 16 17 hints338 276 131
15 16 17 hints388 221 187
15 16 17 hints388 218 187
15 16 17 hints588 494 362
80 ) 102658
15 16 17 hints652 406 58
96 ) 38886
119 ) 51534
90 ) 95632
15 16 17 hints467 366 158
106 ) 102658
15 16 17 hints591 535 38
116 ) 88437
15 16 17 hints610 582 312
113 ) 137206
126 ) 88437
15 16 17 hints475 287 31
120 ) 88437
15 16 17 hints621 225 30
124 ) 65004
124 ) 56910
174 ) 88437
15 16 17 hints335 107 67
93 ) 102658
15 16 17 hints389 374 5
152 ) 47154
15 16 17 hints594 415 9
122 ) 137206
85 ) 38886
115 ) 42058
15 16 17 hints389 336 127
138 ) 156517
15 16 17 hints529 226 57
121 ) 131772
129 ) 88437
15 16 17 hints640 513 63
15 16 17 hints663 630 288
15 16 17 hints600 204 61
108 ) 141826
15 16 17 hints304 179 135
15 16 17 hints304 179 136
15 16 17 hints387 18 1
92 ) 38886
160 ) 96456
195 ) 176030
107 ) 94708
15 16 17 hints334 291 215
112 ) 139892
108 ) 78120
214 ) 227173
15 16 17 hints337 237 97
112 ) 206511
15 16 17 hints716 541 494
15 16 17 hints680 631 19
119 ) 100829
15 16 17 hints338 299 182
15 16 17 hints362 334 92
15 16 17 hints644 569 349
15 16 17 hints470 107 59
107 ) 91440
15 16 17 hints311 137 20
15 16 17 hints308 218 20
15 16 17 hints358 309 218
15 16 17 hints288 273 54
205 ) 146838
204 ) 153150
137 ) 161904
87 ) 97156
15 16 17 hints405 102 51
183 ) 181250
94 ) 38886
123 ) 89202
15 16 17 hints658 311 6
115 ) 85432
95 ) 38886
132 ) 185322
127 ) 65004
107 ) 114026
15 16 17 hints718 225 37
90 ) 34638
15 16 17 hints451 399 91
104 ) 86661
15 16 17 hints465 249 185
115 ) 82000
125 ) 102058
15 16 17 hints703 417 140
15 16 17 hints674 546 73
91 ) 38886
112 ) 92478
121 ) 88437
15 16 17 hints399 129 19
15 16 17 hints397 183 127
15 16 17 hints636 570 20
170 ) 194448
101 ) 100829
15 16 17 hints680 320 40
15 16 17 hints374 324 22
15 16 17 hints694 193 27
103 ) 65004
105 ) 88437
15 16 17 hints383 229 2
118 ) 92478
92 ) 80008
15 16 17 hints641 128 9
95 ) 95632
15 16 17 hints471 240 95
90 ) 29220
15 16 17 hints644 407 146
143 ) 206162
138 ) 123053
15 16 17 hints462 317 48
15 16 17 hints480 222 93
15 16 17 hints303 278 1
121 ) 92478
87 ) 35976
15 16 17 hints433 297 35
155 ) 222980
15 16 17 hints653 181 56
15 16 17 hints698 499 9
15 16 17 hints653 497 166
15 16 17 hints490 185 164
15 16 17 hints655 181 59
15 16 17 hints563 245 187
15 16 17 hints674 226 171
15 16 17 hints491 172 56
15 16 17 hints698 218 19
15 16 17 hints677 428 59
90 ) 63102
120 ) 92478
243 ) 323828
15 16 17 hints695 528 343
93 ) 67451
15 16 17 hints635 570 483
15 16 17 hints660 378 11
123 ) 107174
15 16 17 hints704 383 157
15 16 17 hints704 384 157
15 16 17 hints707 380 157
15 16 17 hints707 382 155
15 16 17 hints544 380 31
163 ) 164616
101 ) 102658
15 16 17 hints410 165 129
171 ) 177198
103 ) 58122
15 16 17 hints607 189 88
137 ) 178904
15 16 17 hints606 558 369
15 16 17 hints691 563 329
15 16 17 hints511 207 206
87 ) 38886
88 ) 38886
94 ) 95632
15 16 17 hints334 278 119
86 ) 54865
15 16 17 hints708 58 17
217 ) 61530
140 ) 88437
15 16 17 hints612 198 3
15 16 17 hints282 248 59
132 ) 126616
15 16 17 hints664 306 253
122 ) 88437
15 16 17 hints459 150 18
15 16 17 hints619 546 126
129 ) 88437
15 16 17 hints311 239 1
122 ) 88437
15 16 17 hints669 630 12
128 ) 101442
100 ) 86661
15 16 17 hints711 584 72
93 ) 34080
15 16 17 hints706 469 127
257 ) 65376
96 ) 88437
15 16 17 hints417 375 34
131 ) 104674
99 ) 38886
123 ) 117726
15 16 17 hints488 124 38
122 ) 137206
124 ) 85432
189 ) 113796
104 ) 88136
15 16 17 hints627 336 59
93 ) 38886
126 ) 137206
130 ) 111084
15 16 17 hints563 277 28
15 16 17 hints402 259 154
120 ) 88437
15 16 17 hints318 219 18
15 16 17 hints546 226 18
15 16 17 hints610 567 24
113 ) 109828
121 ) 141826
15 16 17 hints611 592 94
15 16 17 hints688 251 178
15 16 17 hints531 227 196
15 16 17 hints531 227 193
15 16 17 hints692 610 61
243 ) 114544
15 16 17 hints722 424 190
15 16 17 hints604 406 29
15 16 17 hints248 203 28
15 16 17 hints524 424 322
111 ) 110008
15 16 17 hints618 318 8
15 16 17 hints608 570 453
131 ) 123053
15 16 17 hints281 39 2
114 ) 123053
15 16 17 hints555 446 118
94 ) 29220
15 16 17 hints689 461 191
136 ) 132465
15 16 17 hints645 612 249
124 ) 88437
15 16 17 hints469 238 81
93 ) 95632
15 16 17 hints345 214 83
264 ) 353104
107 ) 103002
15 16 17 hints690 194 87
113 ) 88437
15 16 17 hints473 284 34
113 ) 94708
15 16 17 hints243 194 182
128 ) 110796
851 ) 93372
119 ) 88437
15 16 17 hints251 199 9
125 ) 123053
15 16 17 hints679 671 265
118 ) 127834
363 ) 415696
108 ) 90556
109 ) 132465
15 16 17 hints446 390 158
15 16 17 hints712 479 441
15 16 17 hints690 69 45
157 ) 256214
112 ) 94708
15 16 17 hints483 239 193
15 16 17 hints638 597 141
130 ) 159039
15 16 17 hints541 490 387
185 ) 471805
15 16 17 hints433 282 268
15 16 17 hints433 282 250
15 16 17 hints599 546 361
107 ) 75939
15 16 17 hints386 373 2
157 ) 256214
154 ) 135166
96 ) 94708
15 16 17 hints312 242 174
167 ) 279618
198 ) 176030
699 ) 112476
168 ) 279618
137 ) 187252
113 ) 84762
121 ) 90556
105 ) 81458
138 ) 187252
83 ) 54865
15 16 17 hints398 79 39
116 ) 88437
15 16 17 hints355 350 71
119 ) 110796
130 ) 97050
104 ) 96493
15 16 17 hints627 233 34
15 16 17 hints446 52 36
95 ) 38886
259 ) 409014
147 ) 111084
15 16 17 hints554 508 20
15 16 17 hints553 506 57
100 ) 88437
15 16 17 hints516 504 57
139 ) 123053
15 16 17 hints447 385 196
15 16 17 hints448 37 7
128 ) 122022
119 ) 65004
112 ) 90556
95 ) 76768
143 ) 361417
178 ) 423534
15 16 17 hints679 566 301
15 16 17 hints727 598 310
15 16 17 hints678 319 94
15 16 17 hints597 319 94
15 16 17 hints705 544 516
15 16 17 hints621 491 484
267 ) 197515
120 ) 88437
15 16 17 hints607 165 13
15 16 17 hints356 176 49
15 16 17 hints664 534 36
116 ) 90556
146 ) 137446
15 16 17 hints515 129 65
15 16 17 hints669 650 56
15 16 17 hints255 147 2
15 16 17 hints393 327 216
101 ) 76768
129 ) 174447
189 ) 364748
110 ) 101913
15 16 17 hints649 350 97
15 16 17 hints667 332 97
15 16 17 hints559 340 75
183 ) 199922
145 ) 111084
15 16 17 hints600 278 239
15 16 17 hints595 278 239
15 16 17 hints519 325 278
134 ) 202224
106 ) 103002
15 16 17 hints363 256 3
133 ) 174447
85 ) 94394
15 16 17 hints443 419 57
159 ) 209496
145 ) 221832
15 16 17 hints595 501 277
15 16 17 hints566 514 272
246 ) 560166
143 ) 194648
107 ) 94708
15 16 17 hints709 186 57
917 ) 153192
398 ) 325396
242 ) 218586
163 ) 226520
278 ) 562294
252 ) 173852
216 ) 404478
15 16 17 hints680 286 140
15 16 17 hints447 186 169
136 ) 253095
175 ) 233102
114 ) 177665
15 16 17 hints307 272 268
15 16 17 hints315 293 250
15 16 17 hints307 272 261
15 16 17 hints320 296 243
15 16 17 hints288 271 16
87 ) 29220
15 16 17 hints600 558 252
199 ) 563582
96 ) 83263
15 16 17 hints301 231 120
201 ) 255347
124 ) 88536
245 ) 233656
15 16 17 hints528 54 50
15 16 17 hints638 617 564
15 16 17 hints374 300 68
15 16 17 hints374 297 68
15 16 17 hints718 603 555
15 16 17 hints558 206 63
15 16 17 hints203 70 36
15 16 17 hints728 642 58
15 16 17 hints606 554 66
15 16 17 hints602 365 77
195 ) 132520
147 ) 600854
110 ) 95180
15 16 17 hints499 47 28
15 16 17 hints531 196 65
174 ) 293150
139 ) 65376
87 ) 34080
15 16 17 hints354 326 86
148 ) 136496
123 ) 88437
15 16 17 hints216 52 2
148 ) 65376
244 ) 630999
180 ) 297403
15 16 17 hints508 411 19
15 16 17 hints490 429 1
15 16 17 hints535 266 182
15 16 17 hints635 508 20
15 16 17 hints613 492 22
15 16 17 hints568 188 42
15 16 17 hints618 502 88
15 16 17 hints688 671 257
110 ) 88136
15 16 17 hints611 281 27
143 ) 165841
154 ) 193548
94 ) 38886
150 ) 111084
15 16 17 hints642 426 218
15 16 17 hints644 428 218
15 16 17 hints336 284 191
100 ) 86661
15 16 17 hints361 355 90
104 ) 88437
15 16 17 hints528 249 41
122 ) 57132
15 16 17 hints402 281 244
138 ) 178904
15 16 17 hints615 131 81
15 16 17 hints620 541 234
15 16 17 hints525 133 54
15 16 17 hints720 565 203
138 ) 196992
15 16 17 hints626 212 147
15 16 17 hints221 184 86
115 ) 88437
15 16 17 hints595 549 36
15 16 17 hints716 218 29
99 ) 87712
136 ) 58122
15 16 17 hints435 298 74
103 ) 87712
368 ) 0
100 ) 90556
109 ) 90556
124 ) 88884
98 ) 52244
105 ) 58122
15 16 17 hints335 119 10
130 ) 93436
98 ) 54865
15 16 17 hints402 308 35
15 16 17 hints398 368 78
168 ) 106480
379 ) 0
164 ) 142386
150 ) 112282
128 ) 111084
15 16 17 hints399 57 18
15 16 17 hints390 57 18
15 16 17 hints380 367 54
15 16 17 hints308 282 63
15 16 17 hints178 108 11
15 16 17 hints378 122 56
109 ) 88437
15 16 17 hints551 535 285
112 ) 93436
135 ) 123053
15 16 17 hints320 281 63
137 ) 152148
161 ) 114718
15 16 17 hints617 137 37
15 16 17 hints205 81 41
15 16 17 hints614 522 224
15 16 17 hints379 221 9
121 ) 115292
93 ) 102658
15 16 17 hints711 694 180
370 ) 0
15 16 17 hints421 151 28
15 16 17 hints412 96 20
15 16 17 hints411 370 123
15 16 17 hints364 128 32
15 16 17 hints361 169 58
15 16 17 hints204 39 15
15 16 17 hints421 120 83
15 16 17 hints579 540 26
15 16 17 hints579 540 26
15 16 17 hints579 540 26
117 ) 123053
15 16 17 hints375 214 177
158 ) 174351
124 ) 151086
15 16 17 hints219 104 2
15 16 17 hints361 242 88
15 16 17 hints587 336 85
87 ) 38886
88 ) 38886
82 ) 38886
166 ) 176030
88 ) 38886
95 ) 78120
124 ) 110796
106 ) 65004
105 ) 65004
93 ) 38886
114 ) 88437
15 16 17 hints264 121 3
15 16 17 hints708 148 3
15 16 17 hints687 671 57
151 ) 177198
134 ) 114026
15 16 17 hints391 245 56
15 16 17 hints702 450 18
228 ) 216090
125 ) 88437
15 16 17 hints308 241 47
15 16 17 hints381 83 74
15 16 17 hints602 305 29
138 ) 51534
132 ) 97212
139 ) 56910
141 ) 174447
109 ) 101913
15 16 17 hints434 283 4
15 16 17 hints508 445 253
15 16 17 hints667 436 109
15 16 17 hints363 127 68
121 ) 56910
188 ) 193207
115 ) 65004
93 ) 91556
15 16 17 hints283 69 4
262 ) 379132
135 ) 124170
169 ) 193207
120 ) 65004
200 ) 199646
117 ) 113464
15 16 17 hints723 93 6
15 16 17 hints406 183 28
15 16 17 hints460 347 165
15 16 17 hints418 210 84
15 16 17 hints497 164 127
15 16 17 hints457 410 12
135 ) 212958
15 16 17 hints697 448 210
15 16 17 hints699 295 205
15 16 17 hints574 166 69
155 ) 137206
119 ) 90556
138 ) 200134
273 ) 383399
150 ) 71544
15 16 17 hints625 488 298
162 ) 137206
115 ) 101913
15 16 17 hints665 478 249
138 ) 86104
166 ) 111084
15 16 17 hints618 585 58
15 16 17 hints618 579 443
175 ) 205170
96 ) 38886
89 ) 38886
111 ) 123053
15 16 17 hints662 320 254
131 ) 141826
15 16 17 hints572 455 264
15 16 17 hints453 261 3
15 16 17 hints473 367 12
15 16 17 hints499 417 369
15 16 17 hints499 417 369
15 16 17 hints570 284 273
150 ) 101536
104 ) 65004
102 ) 65004
313 ) 471761
93 ) 38886
209 ) 269276
15 16 17 hints694 499 240
15 16 17 hints538 118 7
15 16 17 hints607 127 14
15 16 17 hints91 52 5
15 16 17 hints255 228 34
15 16 17 hints532 294 114
15 16 17 hints525 257 93
15 16 17 hints526 487 271
15 16 17 hints282 48 34
15 16 17 hints496 274 207
134 ) 174084
15 16 17 hints383 349 208
15 16 17 hints428 379 127
15 16 17 hints433 222 39
113 ) 88437
15 16 17 hints639 631 36
15 16 17 hints630 239 99
15 16 17 hints666 43 11
134 ) 97212
134 ) 51534
111 ) 87786
15 16 17 hints650 163 126
95 ) 38886
84 ) 54865
15 16 17 hints338 143 63
112 ) 138068
15 16 17 hints464 194 65
15 16 17 hints464 194 65
15 16 17 hints302 263 209
15 16 17 hints469 408 59
118 ) 65004
150 ) 82000
120 ) 133335
15 16 17 hints437 258 101
318 ) 471761
106 ) 100829
15 16 17 hints489 185 39
15 16 17 hints502 275 243
15 16 17 hints673 525 6
117 ) 78120
123 ) 149878
106 ) 231475
15 16 17 hints697 573 81
152 ) 111110
135 ) 149878
119 ) 133572
15 16 17 hints399 282 1
15 16 17 hints444 399 1
15 16 17 hints399 282 109
15 16 17 hints696 504 442
15 16 17 hints696 426 397
15 16 17 hints408 275 149
127 ) 227738
15 16 17 hints186 143 27
15 16 17 hints189 143 24
15 16 17 hints184 51 27
376 ) 622790
110 ) 90556
93 ) 38886
103 ) 88437
15 16 17 hints422 395 2
101 ) 78120
128 ) 88437
15 16 17 hints412 307 287
102 ) 90556
289 ) 687421
103 ) 152576
15 16 17 hints309 13 2
110 ) 86661
15 16 17 hints274 148 1
15 16 17 hints525 211 145
15 16 17 hints431 348 42
397 ) 105060
15 16 17 hints461 440 220
15 16 17 hints533 347 49
183 ) 117904
15 16 17 hints633 604 173
15 16 17 hints379 138 119
102 ) 38886
100 ) 83263
15 16 17 hints221 27 10
128 ) 94708
15 16 17 hints541 442 11
116 ) 132465
15 16 17 hints590 383 277
109 ) 38886
287 ) 687421
93 ) 38886
108 ) 88136
15 16 17 hints667 263 84
107 ) 38886
128 ) 65004
96 ) 95632
15 16 17 hints492 353 260
109 ) 88437
15 16 17 hints349 36 2
105 ) 117160
182 ) 56910
121 ) 94708
15 16 17 hints628 602 47
135 ) 65004
109 ) 117160
98 ) 38886
140 ) 65004
108 ) 78120
151 ) 172730
105 ) 51534
115 ) 88437
15 16 17 hints249 186 112
15 16 17 hints536 186 31
15 16 17 hints517 503 32
148 ) 78120
106 ) 56910
153 ) 175250
15 16 17 hints489 318 37
15 16 17 hints696 487 316
15 16 17 hints705 100 33
15 16 17 hints650 101 33
15 16 17 hints497 192 182
15 16 17 hints570 550 280
86 ) 33984
157 ) 88437
15 16 17 hints417 102 72
15 16 17 hints408 102 72
15 16 17 hints408 102 72
15 16 17 hints630 571 162
15 16 17 hints405 273 99
15 16 17 hints532 417 351
15 16 17 hints540 496 288
118 ) 88437
15 16 17 hints621 99 15
15 16 17 hints691 504 7
15 16 17 hints691 510 7
15 16 17 hints673 620 27
97 ) 44592
181 ) 187252
121 ) 88437
15 16 17 hints602 507 5
152 ) 88437
15 16 17 hints544 117 41
120 ) 50706
905 ) 796993
159 ) 193156
157 ) 279629
104 ) 88437
15 16 17 hints151 38 15
104 ) 53178
114 ) 65004
100 ) 99867
15 16 17 hints519 390 53
155 ) 244426
102 ) 132014
15 16 17 hints483 215 96
174 ) 285524
137 ) 63288
187 ) 336015
122 ) 102658
15 16 17 hints705 675 345
110 ) 88437
15 16 17 hints259 196 82
15 16 17 hints711 654 45
150 ) 122644
141 ) 265327
137 ) 88692
84 ) 29220
15 16 17 hints585 327 225
191 ) 370128
129 ) 123053
15 16 17 hints369 133 56
15 16 17 hints243 161 21
182 ) 336015
157 ) 346584
154 ) 100448
110 ) 88437
15 16 17 hints662 623 9
162 ) 123096
163 ) 382438
205 ) 406635
153 ) 381744
160 ) 101544
146 ) 451432
204 ) 136496
162 ) 484079
123 ) 95492
213 ) 406635
807 ) 802453
15 16 17 hints564 552 513
15 16 17 hints671 561 521
15 16 17 hints723 647 251
15 16 17 hints684 561 270
15 16 17 hints684 561 270
15 16 17 hints687 557 255
15 16 17 hints629 601 345
15 16 17 hints627 601 345
15 16 17 hints617 538 279
15 16 17 hints723 602 362
174 ) 109436
125 ) 118742
197 ) 466244
103 ) 83263
15 16 17 hints527 490 120
237 ) 493307
160 ) 109916
15 16 17 hints625 417 118
15 16 17 hints625 452 118
15 16 17 hints624 345 46
15 16 17 hints338 130 1
15 16 17 hints363 57 18
15 16 17 hints576 20 5
15 16 17 hints480 362 164
15 16 17 hints455 201 103
15 16 17 hints444 317 199
15 16 17 hints580 329 291
264 ) 137206
166 ) 146006
15 16 17 hints650 555 379
15 16 17 hints546 389 1
15 16 17 hints507 271 79
158 ) 473293
85 ) 29220
15 16 17 hints648 515 378
284 ) 459012
165 ) 516936
99 ) 94708
15 16 17 hints524 507 85
91 ) 38886
462 ) 633522
267 ) 137206
233 ) 642131
88 ) 38886
104 ) 100829
15 16 17 hints675 131 49
203 ) 517470
115 ) 51534
93 ) 38886
295 ) 536156
113 ) 56910
104 ) 90246
175 ) 530020
280 ) 137206
128 ) 88437
15 16 17 hints559 118 57
15 16 17 hints586 562 64
15 16 17 hints646 496 57
15 16 17 hints522 271 31
99 ) 38886
119 ) 90802
15 16 17 hints720 99 2
15 16 17 hints253 117 1
15 16 17 hints573 531 20
15 16 17 hints258 226 87
336 ) 654006
103 ) 80008
15 16 17 hints393 61 3
396 ) 634856
126 ) 88437
15 16 17 hints297 126 66
15 16 17 hints604 307 40
164 ) 292247
216 ) 530802
15 16 17 hints585 196 95
15 16 17 hints587 196 95
15 16 17 hints698 658 618
15 16 17 hints608 126 10
15 16 17 hints96 59 11
15 16 17 hints506 502 56
15 16 17 hints667 207 52
15 16 17 hints175 106 28
15 16 17 hints577 137 90
15 16 17 hints676 593 178
209 ) 141826
15 16 17 hints489 416 385
15 16 17 hints534 447 319
15 16 17 hints550 492 461
15 16 17 hints550 492 461
15 16 17 hints550 492 461
15 16 17 hints593 404 316
358 ) 668017
226 ) 668287
15 16 17 hints517 477 376
15 16 17 hints694 566 64
15 16 17 hints694 563 64
15 16 17 hints402 227 85
15 16 17 hints483 344 4
15 16 17 hints424 402 61
15 16 17 hints477 376 57
15 16 17 hints402 307 181
15 16 17 hints557 460 383
15 16 17 hints266 226 85
179 ) 292247
83 ) 76089
15 16 17 hints225 99 30
115 ) 115440
15 16 17 hints515 347 151
96 ) 38886
166 ) 314179
140 ) 195838
15 16 17 hints671 427 258
352 ) 668017
172 ) 85432
113 ) 90802
15 16 17 hints399 147 9
15 16 17 hints435 319 96
105 ) 88437
15 16 17 hints703 471 65
535 ) 644224
99 ) 38886
184 ) 314179
100 ) 38886
182 ) 184644
104 ) 126616
15 16 17 hints562 184 11
123 ) 88437
15 16 17 hints304 137 8
171 ) 314179
132 ) 65004
223 ) 195624
144 ) 75939
15 16 17 hints603 560 54
15 16 17 hints603 560 54
15 16 17 hints649 540 387
15 16 17 hints108 95 1
468 ) 999634
189 ) 393261
15 16 17 hints727 550 134
15 16 17 hints727 550 134
15 16 17 hints566 534 192
15 16 17 hints559 534 192
15 16 17 hints566 534 192
15 16 17 hints658 607 150
554 ) 644224
15 16 17 hints575 514 368
15 16 17 hints584 295 37
15 16 17 hints527 375 344
15 16 17 hints593 329 290
15 16 17 hints376 131 25
15 16 17 hints374 133 23
15 16 17 hints586 331 87
15 16 17 hints356 263 86
15 16 17 hints586 527 329
15 16 17 hints586 529 331
114 ) 88437
15 16 17 hints400 158 91
101 ) 57932
15 16 17 hints555 337 34
260 ) 205162
122 ) 88437
15 16 17 hints674 642 250
111 ) 94708
15 16 17 hints243 242 176
112 ) 124224
15 16 17 hints519 222 11
196 ) 207626
135 ) 81744
463 ) 999634
290 ) 382200
137 ) 147004
212 ) 207626
219 ) 88437
15 16 17 hints660 361 262
15 16 17 hints419 138 4
141 ) 85432
87 ) 38886
104 ) 60222
138 ) 147004
108 ) 90556
135 ) 56910
135 ) 63288
227 ) 262202
15 16 17 hints637 393 171
15 16 17 hints618 512 348
15 16 17 hints492 403 327
15 16 17 hints637 618 480
15 16 17 hints669 564 262
15 16 17 hints660 566 253
15 16 17 hints663 529 475
115 ) 85432
106 ) 102658
15 16 17 hints457 235 46
208 ) 301278
461 ) 999634
105 ) 65004
119 ) 64146
191 ) 123053
15 16 17 hints523 493 482
15 16 17 hints458 408 82
15 16 17 hints539 52 8
109 ) 108804
137 ) 311038
114 ) 98532
126 ) 68370
15 16 17 hints696 506 236
15 16 17 hints678 452 65
15 16 17 hints147 91 38
15 16 17 hints227 113 2
107 ) 83263
15 16 17 hints436 393 30
111 ) 110796
113 ) 102058
15 16 17 hints572 194 13
15 16 17 hints652 550 76
15 16 17 hints572 194 13
15 16 17 hints660 483 20
15 16 17 hints563 402 26
88 ) 38886
136 ) 311038
109 ) 117726
15 16 17 hints558 546 15
122 ) 313384
103 ) 133572
15 16 17 hints483 45 7
15 16 17 hints513 457 204
15 16 17 hints534 199 3
15 16 17 hints690 411 9
94 ) 52244
112 ) 65004
121 ) 88437
15 16 17 hints727 530 117
140 ) 311038
123 ) 313384
93 ) 54865
15 16 17 hints294 202 65
15 16 17 hints454 285 63
122 ) 88437
15 16 17 hints548 527 289
118 ) 88437
15 16 17 hints436 130 12
15 16 17 hints435 247 129
15 16 17 hints606 575 323
137 ) 311038
575 ) 1062450
974 ) 389956
162 ) 88437
15 16 17 hints713 125 39
212 ) 724806
2947 ) 1700000
218 ) 464161
212 ) 758984
424 ) 482830
15 16 17 hints676 406 326
104 ) 88437
15 16 17 hints656 548 149
409 ) 1409222
137 ) 244426
176 ) 123096
99 ) 52244
139 ) 137206
140 ) 252256
534 ) 601884
483 ) 804368
95 ) 54865
15 16 17 hints641 226 13
15 16 17 hints713 145 4
88 ) 38886
119 ) 69660
15 16 17 hints649 639 171
406 ) 1550288
15 16 17 hints626 274 66
15 16 17 hints636 111 50
15 16 17 hints653 625 242
15 16 17 hints656 625 239
15 16 17 hints368 242 39
15 16 17 hints365 239 39
15 16 17 hints356 239 30
15 16 17 hints464 384 113
15 16 17 hints74 10 8
15 16 17 hints172 167 148
147 ) 141826
15 16 17 hints674 425 391
15 16 17 hints497 322 299
192 ) 135166
176 ) 382381
111 ) 90802
15 16 17 hints436 340 4
15 16 17 hints426 168 155
92 ) 38886
103 ) 83263
15 16 17 hints490 55 3
242 ) 649862
15 16 17 hints423 372 56
15 16 17 hints426 369 56
15 16 17 hints495 351 316
15 16 17 hints696 492 222
15 16 17 hints696 488 218
15 16 17 hints696 494 224
15 16 17 hints696 488 218
15 16 17 hints592 560 9
15 16 17 hints666 153 12
15 16 17 hints709 560 7
974 ) 389956
83 ) 38886
82 ) 38886
90 ) 80054
191 ) 136496
177 ) 382381
302 ) 843748
89 ) 38886
87 ) 38886
102 ) 87674
110 ) 90556
89 ) 38886
108 ) 65004
155 ) 149206
15 16 17 hints596 471 360
15 16 17 hints490 402 243
15 16 17 hints569 346 311
15 16 17 hints696 632 346
217 ) 418534
15 16 17 hints467 408 265
15 16 17 hints373 354 305
15 16 17 hints386 292 273
15 16 17 hints392 256 236
104 ) 111084
15 16 17 hints421 108 12
179 ) 382381
113 ) 90802
15 16 17 hints441 306 11
15 16 17 hints363 207 18
15 16 17 hints608 376 187
15 16 17 hints695 435 68
144 ) 105984
232 ) 862123
99 ) 78120
112 ) 51534
106 ) 90556
112 ) 90802
15 16 17 hints531 432 1
15 16 17 hints522 369 1
15 16 17 hints532 433 252
15 16 17 hints370 297 158
15 16 17 hints491 454 297
180 ) 382381
114 ) 56910
175 ) 114790
15 16 17 hints346 119 105
15 16 17 hints650 265 219
15 16 17 hints700 672 271
134 ) 111084
15 16 17 hints623 373 131
15 16 17 hints373 249 214
114 ) 65004
133 ) 88437
15 16 17 hints466 21 9
301 ) 1224534
169 ) 61530
180 ) 402613
119 ) 65004
135 ) 110150
15 16 17 hints499 381 30
15 16 17 hints562 386 22
118 ) 65004
203 ) 509919
87 ) 38886
86 ) 34638
15 16 17 hints625 402 49
149 ) 88437
15 16 17 hints428 316 1
15 16 17 hints481 325 13
15 16 17 hints410 316 19
15 16 17 hints348 195 4
15 16 17 hints571 49 1
15 16 17 hints499 409 352
15 16 17 hints510 339 274
15 16 17 hints499 427 352
15 16 17 hints404 233 13
91 ) 38886
140 ) 82000
108 ) 88437
15 16 17 hints728 31 8
217 ) 519589
111 ) 65004
133 ) 88437
15 16 17 hints719 418 387
15 16 17 hints549 397 274
118 ) 88437
15 16 17 hints334 113 9
115 ) 90802
15 16 17 hints608 230 19
15 16 17 hints608 230 19
15 16 17 hints608 230 100
15 16 17 hints571 148 50
142 ) 110796
123 ) 61530
203 ) 547215
15 16 17 hints675 587 7
15 16 17 hints664 87 21
15 16 17 hints585 332 32
15 16 17 hints585 329 53
15 16 17 hints585 332 32
15 16 17 hints585 329 53
15 16 17 hints678 191 106
15 16 17 hints618 592 186
15 16 17 hints586 217 7
15 16 17 hints670 187 47
659 ) 1282668
89 ) 38886
122 ) 110150
15 16 17 hints567 392 113
15 16 17 hints423 395 27
135 ) 127834
103 ) 102658
15 16 17 hints578 298 137
106 ) 65004
116 ) 133572
15 16 17 hints434 173 121
15 16 17 hints610 197 176
15 16 17 hints581 284 162
132 ) 111084
15 16 17 hints727 680 456
126 ) 88437
15 16 17 hints657 279 3
15 16 17 hints657 279 3
15 16 17 hints380 219 10
97 ) 103002
15 16 17 hints491 268 12
115 ) 114026
15 16 17 hints247 163 32
115 ) 152576
15 16 17 hints712 481 117
113 ) 88136
15 16 17 hints609 370 86
113 ) 90556
587 ) 1290504
15 16 17 hints633 493 160
15 16 17 hints714 493 160
15 16 17 hints719 707 13
15 16 17 hints718 542 13
15 16 17 hints527 521 218
15 16 17 hints553 541 49
15 16 17 hints583 218 121
15 16 17 hints693 661 623
15 16 17 hints656 562 527
15 16 17 hints553 529 497
117 ) 114720
15 16 17 hints720 659 120
15 16 17 hints515 494 34
85 ) 62943
15 16 17 hints652 640 72
188 ) 123053
15 16 17 hints501 114 94
211 ) 208226
86 ) 38886
3085 ) 1700000
100 ) 65004
105 ) 75939
15 16 17 hints331 73 13
218 ) 208226
114 ) 88437
15 16 17 hints305 258 7
263 ) 172608
109 ) 51534
102 ) 86661
15 16 17 hints670 202 2
15 16 17 hints672 204 13
15 16 17 hints474 158 5
125 ) 86661
15 16 17 hints710 611 144
123 ) 65004
187 ) 220254
116 ) 56910
125 ) 203380
113 ) 94996
130 ) 82000
91 ) 33984
103 ) 38886
152 ) 251790
15 16 17 hints228 180 7
15 16 17 hints120 55 18
15 16 17 hints518 261 206
167 ) 167866
15 16 17 hints614 576 380
202 ) 261516
104 ) 100829
15 16 17 hints294 240 92
15 16 17 hints225 155 112
15 16 17 hints654 79 42
114 ) 45664
15 16 17 hints546 409 110
15 16 17 hints634 231 112
133 ) 82000
143 ) 88437
15 16 17 hints280 50 20
161 ) 56910
109 ) 117726
15 16 17 hints469 389 82
168 ) 286179
15 16 17 hints626 365 346
15 16 17 hints625 364 347
15 16 17 hints625 346 108
15 16 17 hints616 594 447
15 16 17 hints616 501 383
134 ) 104674
134 ) 65004
156 ) 243132
103 ) 88437
15 16 17 hints396 265 10
86 ) 38886
117 ) 90556
141 ) 114790
15 16 17 hints473 372 138
15 16 17 hints472 372 138
15 16 17 hints541 528 158
15 16 17 hints541 528 156
15 16 17 hints518 345 282
15 16 17 hints528 473 282
138 ) 88437
15 16 17 hints454 112 66
15 16 17 hints624 604 201
15 16 17 hints453 256 111
15 16 17 hints562 534 265
133 ) 88437
15 16 17 hints383 158 29
116 ) 100829
15 16 17 hints560 521 77
15 16 17 hints652 345 280
172 ) 245004
15 16 17 hints463 381 239
15 16 17 hints622 542 239
129 ) 56910
104 ) 65004
94 ) 57932
15 16 17 hints626 550 111
171 ) 95640
90 ) 34638
15 16 17 hints330 212 1
88 ) 34638
15 16 17 hints508 474 112
90 ) 38886
90 ) 38886
140 ) 96456
110 ) 88437
15 16 17 hints323 302 5
15 16 17 hints257 107 60
110 ) 51534
141 ) 96456
112 ) 56910
103 ) 38886
129 ) 52244
140 ) 96456
93 ) 38886
114 ) 65004
120 ) 41280
118 ) 123053
15 16 17 hints419 229 7
115 ) 51534
134 ) 54865
15 16 17 hints519 341 198
15 16 17 hints675 529 249
106 ) 88437
15 16 17 hints701 489 252
106 ) 88437
15 16 17 hints630 142 36
15 16 17 hints502 260 19
139 ) 96456
211 ) 88437
15 16 17 hints536 187 18
136 ) 88437
15 16 17 hints406 236 10
15 16 17 hints712 587 334
15 16 17 hints622 585 100
15 16 17 hints424 353 10
15 16 17 hints677 591 290
129 ) 51534
125 ) 56910
130 ) 88437
15 16 17 hints397 158 120
124 ) 98988
137 ) 65004
121 ) 123053
15 16 17 hints613 429 286
117 ) 97212
115 ) 56910
143 ) 88437
15 16 17 hints278 202 69
169 ) 101688
15 16 17 hints406 93 28
15 16 17 hints484 244 145
15 16 17 hints406 93 28
15 16 17 hints331 239 91
15 16 17 hints389 138 100
15 16 17 hints470 138 100
15 16 17 hints470 138 100
15 16 17 hints470 138 91
15 16 17 hints673 343 217
15 16 17 hints713 397 272
123 ) 88437
15 16 17 hints298 83 64
15 16 17 hints631 562 28
15 16 17 hints632 514 55
15 16 17 hints298 83 64
15 16 17 hints638 491 9
145 ) 97212
158 ) 112756
151 ) 82000
131 ) 98988
173 ) 167116
169 ) 112756
127 ) 88437
15 16 17 hints379 377 46
15 16 17 hints582 419 319
15 16 17 hints418 298 276
106 ) 135354
96 ) 65004
160 ) 101442
150 ) 134440
98 ) 77076
15 16 17 hints480 141 48
15 16 17 hints222 92 66
143 ) 159039
15 16 17 hints338 44 29
15 16 17 hints661 416 402
231 ) 167116
149 ) 101442
109 ) 133572
15 16 17 hints461 251 134
102 ) 95632
15 16 17 hints724 579 387
157 ) 134440
118 ) 185670
173 ) 101442
120 ) 266367
15 16 17 hints714 630 41
170 ) 188037
15 16 17 hints633 298 235
15 16 17 hints633 302 239
15 16 17 hints625 363 78
15 16 17 hints625 363 78
15 16 17 hints608 403 235
159 ) 196582
117 ) 111110
151 ) 110796
90 ) 52244
131 ) 146006
15 16 17 hints726 254 130
127 ) 87756
97 ) 52244
125 ) 113834
150 ) 118200
15 16 17 hints581 464 343
15 16 17 hints397 342 100
15 16 17 hints587 343 37
15 16 17 hints572 325 37
15 16 17 hints702 649 271
15 16 17 hints699 653 271
15 16 17 hints697 650 271
15 16 17 hints699 662 271
15 16 17 hints694 415 24
15 16 17 hints622 316 1
206 ) 264582
121 ) 146006
15 16 17 hints495 136 68
126 ) 85432
169 ) 89418
119 ) 113834
120 ) 113834
110 ) 87712
93 ) 95632
15 16 17 hints548 504 108
15 16 17 hints560 468 162
15 16 17 hints486 94 56
123 ) 123053
15 16 17 hints629 208 36
15 16 17 hints613 221 36
15 16 17 hints689 576 161
15 16 17 hints693 166 37
168 ) 181250
126 ) 123053
15 16 17 hints705 595 453
15 16 17 hints642 326 105
15 16 17 hints624 328 108
15 16 17 hints704 351 33
143 ) 259324
15 16 17 hints182 97 33
134 ) 128500
15 16 17 hints723 503 60
257 ) 302072
118 ) 87712
122 ) 184644
89 ) 38886
176 ) 105984
131 ) 187252
209 ) 315110
124 ) 45372
15 16 17 hints643 204 13
15 16 17 hints680 401 211
407 ) 673656
116 ) 112474
15 16 17 hints317 252 42
15 16 17 hints304 216 18
15 16 17 hints304 216 99
15 16 17 hints337 204 153
15 16 17 hints281 123 16
129 ) 187252
219 ) 375676
132 ) 191762
104 ) 100829
15 16 17 hints312 241 3
111 ) 175250
15 16 17 hints718 398 128
3821 ) 1700000
94 ) 38886
163 ) 236626
131 ) 193156
196 ) 400388
118 ) 113796
411 ) 673656
129 ) 88437
15 16 17 hints362 99 27
15 16 17 hints435 392 61
135 ) 193156
114 ) 88437
15 16 17 hints119 55 3
178 ) 88437
15 16 17 hints569 145 3
218 ) 251088
125 ) 113796
210 ) 400388
15 16 17 hints402 42 21
15 16 17 hints397 39 19
15 16 17 hints597 141 55
15 16 17 hints135 94 60
15 16 17 hints406 391 20
15 16 17 hints408 333 108
15 16 17 hints424 382 91
15 16 17 hints408 333 36
15 16 17 hints597 382 55
15 16 17 hints595 382 57
147 ) 238644
208 ) 803520
108 ) 88437
15 16 17 hints514 358 61
190 ) 116412
93 ) 29220
15 16 17 hints525 481 345
107 ) 58122
15 16 17 hints347 123 4
98 ) 52244
221 ) 241180
117 ) 110232
15 16 17 hints583 439 302
96 ) 54865
15 16 17 hints635 350 245
15 16 17 hints707 350 246
170 ) 116412
86 ) 38886
417 ) 253218
372 ) 1060363
104 ) 88437
15 16 17 hints595 571 18
106 ) 65004
221 ) 369722
15 16 17 hints595 299 122
15 16 17 hints632 402 353
15 16 17 hints703 530 152
15 16 17 hints703 530 152
15 16 17 hints357 159 110
15 16 17 hints397 37 31
15 16 17 hints397 37 31
15 16 17 hints386 74 37
15 16 17 hints611 331 131
15 16 17 hints526 231 38
140 ) 96456
199 ) 254814
108 ) 71236
287 ) 146874
147 ) 101442
151 ) 209290
110 ) 71236
120 ) 123053
15 16 17 hints500 440 173
122 ) 104674
96 ) 38886
201 ) 254814
381 ) 1122316
131 ) 89022
187 ) 232998
119 ) 111110
280 ) 147077
138 ) 65004
113 ) 95632
15 16 17 hints568 538 28
15 16 17 hints660 514 262
15 16 17 hints656 210 6
15 16 17 hints656 213 3
15 16 17 hints570 356 5
15 16 17 hints722 576 309
137 ) 293679
15 16 17 hints276 62 36
147 ) 263362
15 16 17 hints693 222 100
15 16 17 hints651 531 35
15 16 17 hints651 531 116
120 ) 85432
228 ) 261516
119 ) 111110
154 ) 88437
15 16 17 hints554 428 94
15 16 17 hints554 428 238
15 16 17 hints274 152 28
87 ) 48980
123 ) 85432
114 ) 90556
90 ) 38886
287 ) 147077
169 ) 182578
110 ) 90556
425 ) 1208649
221 ) 269684
120 ) 102658
15 16 17 hints686 441 96
15 16 17 hints686 441 96
15 16 17 hints717 373 335
111 ) 65004
130 ) 90556
113 ) 75939
15 16 17 hints310 228 119
161 ) 188360
137 ) 109796
15 16 17 hints507 352 154
15 16 17 hints716 309 96
15 16 17 hints472 199 138
110 ) 88437
15 16 17 hints712 49 38
117 ) 102058
15 16 17 hints382 357 82
15 16 17 hints385 357 82
15 16 17 hints602 39 31
251 ) 178888
148 ) 88437
15 16 17 hints621 110 18
15 16 17 hints621 488 18
15 16 17 hints599 290 261
128 ) 90556
225 ) 316439
260 ) 1288767
114 ) 102658
15 16 17 hints714 296 245
87 ) 38886
217 ) 204243
93 ) 38886
216 ) 111084
15 16 17 hints591 266 201
15 16 17 hints706 591 347
248 ) 204108
159 ) 204726
106 ) 78120
356 ) 1296212
116 ) 90802
15 16 17 hints631 136 4
15 16 17 hints631 136 4
15 16 17 hints697 631 272
15 16 17 hints719 532 83
164 ) 205789
15 16 17 hints498 167 117
15 16 17 hints690 203 81
15 16 17 hints594 202 54
15 16 17 hints657 198 58
15 16 17 hints498 203 72
15 16 17 hints353 119 91
15 16 17 hints334 254 208
15 16 17 hints679 253 204
15 16 17 hints500 99 49
15 16 17 hints590 538 213
128 ) 52746
537 ) 346160
113 ) 88437
15 16 17 hints551 526 52
86 ) 29220
15 16 17 hints524 380 235
109 ) 101913
15 16 17 hints445 398 27
168 ) 65376
146 ) 190110
100 ) 75939
15 16 17 hints667 252 8
214 ) 393288
15 16 17 hints638 367 253
15 16 17 hints624 558 388
15 16 17 hints643 576 538
15 16 17 hints639 624 388
15 16 17 hints639 624 388
15 16 17 hints639 627 388
15 16 17 hints612 555 404
15 16 17 hints460 450 148
15 16 17 hints558 373 243
15 16 17 hints564 529 225
568 ) 227972
15 16 17 hints436 366 60
15 16 17 hints436 365 59
15 16 17 hints396 158 22
15 16 17 hints341 238 22
15 16 17 hints422 238 22
15 16 17 hints383 175 62
15 16 17 hints383 178 62
15 16 17 hints436 161 73
15 16 17 hints418 386 73
15 16 17 hints217 194 13
116 ) 87756
187 ) 272508
513 ) 1302122
15 16 17 hints482 344 228
15 16 17 hints482 343 228
15 16 17 hints282 147 33
15 16 17 hints483 226 12
15 16 17 hints467 227 148
15 16 17 hints332 143 43
15 16 17 hints483 266 12
15 16 17 hints473 260 73
15 16 17 hints471 280 111
114 ) 94708
15 16 17 hints289 238 199
15 16 17 hints724 292 189
15 16 17 hints309 289 91
15 16 17 hints306 277 46
95 ) 96493
15 16 17 hints469 396 149
119 ) 48846
96 ) 38886
85 ) 38886
126 ) 48846
186 ) 449148
239 ) 294844
110 ) 92802
107 ) 56910
103 ) 90802
15 16 17 hints708 366 5
15 16 17 hints718 483 30
143 ) 52746
121 ) 92802
140 ) 82000
135 ) 88437
15 16 17 hints404 239 29
195 ) 449148
180 ) 336514
141 ) 95410
15 16 17 hints588 239 165
15 16 17 hints587 237 164
15 16 17 hints263 156 83
15 16 17 hints672 188 158
123 ) 92802
117 ) 88437
15 16 17 hints405 218 27
15 16 17 hints632 575 2
15 16 17 hints723 523 281
15 16 17 hints561 488 282
90 ) 34638
15 16 17 hints639 514 90
142 ) 358532
161 ) 469962
125 ) 92802
89 ) 29220
15 16 17 hints582 327 219
140 ) 124224
15 16 17 hints286 252 83
145 ) 118672
15 16 17 hints615 426 200
15 16 17 hints615 345 200
15 16 17 hints614 425 199
15 16 17 hints614 344 199
15 16 17 hints691 588 317
304 ) 362640
150 ) 146006
15 16 17 hints692 372 75
341 ) 542768
103 ) 34080
15 16 17 hints233 85 11
103 ) 88437
15 16 17 hints587 98 27
167 ) 75939
15 16 17 hints601 141 48
175 ) 408628
117 ) 117726
15 16 17 hints318 21 4
95 ) 54865
15 16 17 hints726 556 39
108 ) 90556
293 ) 558614
225 ) 437818
134 ) 123053
15 16 17 hints478 435 101
15 16 17 hints478 158 109
95 ) 90469
15 16 17 hints435 232 135
93 ) 38886
89 ) 29220
15 16 17 hints484 258 114
263 ) 454156
129 ) 65004
128 ) 88437
15 16 17 hints677 265 255
93 ) 38886
453 ) 562888
114 ) 137206
137 ) 75939
15 16 17 hints608 464 108
15 16 17 hints608 464 108
15 16 17 hints244 102 5
109 ) 65004
246 ) 468686
15 16 17 hints580 558 63
15 16 17 hints613 524 54
15 16 17 hints551 237 25
15 16 17 hints700 551 102
15 16 17 hints655 548 19
15 16 17 hints686 634 628
15 16 17 hints676 242 136
15 16 17 hints551 235 184
15 16 17 hints526 145 68
15 16 17 hints539 91 64
118 ) 137206
122 ) 128500
15 16 17 hints604 253 26
204 ) 267802
103 ) 141826
15 16 17 hints712 601 146
15 16 17 hints712 601 146
15 16 17 hints532 527 73
164 ) 95640
89 ) 38886
112 ) 62930
15 16 17 hints336 278 228
116 ) 65004
87 ) 29220
15 16 17 hints678 318 209
172 ) 101442
95 ) 38886
505 ) 597265
94 ) 38886
120 ) 82000
94 ) 29220
15 16 17 hints650 402 227
342 ) 292484
153 ) 114790
15 16 17 hints326 131 11
15 16 17 hints326 275 11
15 16 17 hints643 470 325
15 16 17 hints680 311 245
15 16 17 hints590 476 407
156 ) 85432
104 ) 65004
122 ) 82000
90 ) 95632
15 16 17 hints714 512 13
237 ) 634908
109 ) 65004
105 ) 90920
143 ) 110796
116 ) 51534
96 ) 44592
269 ) 305608
140 ) 231475
15 16 17 hints646 611 273
136 ) 88437
15 16 17 hints282 189 3
15 16 17 hints445 189 4
15 16 17 hints444 189 3
15 16 17 hints282 189 3
15 16 17 hints445 189 4
15 16 17 hints724 482 112
117 ) 111084
15 16 17 hints520 327 193
15 16 17 hints594 566 206
15 16 17 hints569 550 169
110 ) 56910
134 ) 146006
15 16 17 hints536 185 120
15 16 17 hints440 385 111
15 16 17 hints440 383 111
15 16 17 hints536 185 44
15 16 17 hints570 392 125
106 ) 53178
125 ) 88437
15 16 17 hints647 154 83
122 ) 72744
100 ) 52244
220 ) 306169
231 ) 88437
15 16 17 hints442 263 163
15 16 17 hints368 247 19
15 16 17 hints572 213 1
93 ) 54865
15 16 17 hints690 340 244
15 16 17 hints519 336 244
127 ) 109248
103 ) 88136
15 16 17 hints543 439 32
5524 ) 1700000
126 ) 135121
578 ) 708192
133 ) 164943
15 16 17 hints522 33 18
15 16 17 hints692 492 18
15 16 17 hints507 351 129
15 16 17 hints672 231 48
15 16 17 hints231 111 2
259 ) 328144
15 16 17 hints612 493 180
15 16 17 hints680 448 287
15 16 17 hints648 518 123
15 16 17 hints527 335 97
15 16 17 hints684 243 112
155 ) 93888
90 ) 34080
15 16 17 hints676 445 4
125 ) 137285
86 ) 38886
136 ) 152576
15 16 17 hints346 282 42
15 16 17 hints337 281 213
15 16 17 hints606 277 217
89 ) 38886
267 ) 105216
88 ) 38886
95 ) 38886
100 ) 38886
107 ) 126616
15 16 17 hints546 346 87
193 ) 105534
484 ) 764092
15 16 17 hints668 418 261
15 16 17 hints668 409 261
15 16 17 hints243 107 14
15 16 17 hints725 634 253
15 16 17 hints357 243 185
15 16 17 hints653 415 179
15 16 17 hints662 306 267
15 16 17 hints488 424 167
15 16 17 hints595 282 33
15 16 17 hints493 204 101
120 ) 51534
152 ) 88437
15 16 17 hints621 182 45
15 16 17 hints530 433 312
255 ) 161178
109 ) 65004
115 ) 160768
15 16 17 hints373 348 4
141 ) 105810
89 ) 38886
95 ) 34638
15 16 17 hints396 254 36
122 ) 174678
127 ) 138068
15 16 17 hints610 590 168
135 ) 65004
112 ) 65004
119 ) 88437
15 16 17 hints633 474 87
192 ) 110154
131 ) 88437
15 16 17 hints666 174 47
156 ) 180008
121 ) 88437
15 16 17 hints714 51 30
15 16 17 hints274 165 48
15 16 17 hints687 300 59
137 ) 82000
103 ) 102658
15 16 17 hints690 487 190
127 ) 127834
160 ) 113766
122 ) 88437
15 16 17 hints576 216 2
15 16 17 hints576 216 3
15 16 17 hints327 317 138
15 16 17 hints480 369 225
15 16 17 hints576 216 3
15 16 17 hints588 421 300
15 16 17 hints330 291 81
15 16 17 hints378 327 6
149 ) 188724
103 ) 88437
15 16 17 hints690 215 4
104 ) 132465
15 16 17 hints637 230 123
15 16 17 hints714 129 92
118 ) 123053
15 16 17 hints617 172 124
156 ) 137058
99 ) 88437
15 16 17 hints434 27 3
82 ) 32852
15 16 17 hints637 308 113
242 ) 193548
224 ) 254352
233 ) 207586
189 ) 261324
100 ) 54720
15 16 17 hints714 686 207
113 ) 111973
149 ) 220523
105 ) 57932
15 16 17 hints725 325 201
115 ) 111973
93 ) 132465
15 16 17 hints697 691 47
109 ) 58122
15 16 17 hints626 216 39
176 ) 117804
227 ) 349248
313 ) 384403
15 16 17 hints707 516 243
15 16 17 hints720 696 502
15 16 17 hints615 468 66
15 16 17 hints518 479 345
15 16 17 hints435 396 183
15 16 17 hints583 435 183
15 16 17 hints624 509 408
15 16 17 hints560 336 138
15 16 17 hints668 583 324
15 16 17 hints497 392 348
118 ) 87709
15 16 17 hints633 503 102
109 ) 57932
15 16 17 hints609 245 216
1994 ) 1700000
212 ) 130710
95 ) 80008
15 16 17 hints567 55 3
101 ) 80054
217 ) 149688
144 ) 83263
15 16 17 hints448 392 244
130 ) 117726
15 16 17 hints319 127 60
15 16 17 hints337 223 58
287 ) 393786
15 16 17 hints445 189 1
15 16 17 hints679 388 290
15 16 17 hints391 49 1
15 16 17 hints448 184 73
15 16 17 hints238 195 99
15 16 17 hints390 289 73
15 16 17 hints400 223 28
15 16 17 hints235 196 24
15 16 17 hints380 121 73
15 16 17 hints713 366 118
90 ) 33984
232 ) 139001
115 ) 88437
15 16 17 hints701 274 243
90 ) 33984
291 ) 588688
143 ) 151868
15 16 17 hints220 103 88
15 16 17 hints217 100 88
15 16 17 hints619 498 187
15 16 17 hints534 499 232
15 16 17 hints688 659 136
280 ) 106992
108 ) 90556
111 ) 34080
15 16 17 hints674 393 200
15 16 17 hints674 393 200
15 16 17 hints690 434 83
104 ) 75939
15 16 17 hints611 195 8
92 ) 95632
15 16 17 hints370 341 78
15 16 17 hints673 604 15
245 ) 106992
136 ) 58122
15 16 17 hints709 347 309
168 ) 117718
517 ) 752400
118 ) 83263
15 16 17 hints587 305 266
166 ) 221964
15 16 17 hints496 240 179
172 ) 117718
94 ) 86661
15 16 17 hints577 109 33
101 ) 86661
15 16 17 hints658 638 262
147 ) 87786
15 16 17 hints727 587 235
159 ) 153488
99 ) 38886
108 ) 88437
15 16 17 hints674 557 140
117 ) 88536
132 ) 65004
182 ) 156242
440 ) 754167
96 ) 38886
97 ) 91556
15 16 17 hints669 634 4
15 16 17 hints655 168 63
120 ) 88437
15 16 17 hints627 114 75
15 16 17 hints394 177 159
15 16 17 hints622 534 116
104 ) 86661
15 16 17 hints301 125 39
235 ) 253986
90 ) 52244
117 ) 75939
15 16 17 hints443 299 145
15 16 17 hints334 105 11
87 ) 54865
15 16 17 hints723 459 37
15 16 17 hints720 694 75
104 ) 123053
15 16 17 hints499 456 12
352 ) 214966
263 ) 256302
142 ) 205086
15 16 17 hints655 175 65
168 ) 216964
15 16 17 hints600 364 108
15 16 17 hints596 364 108
15 16 17 hints510 132 60
15 16 17 hints510 132 60
15 16 17 hints448 360 114
15 16 17 hints583 387 56
15 16 17 hints600 542 496
15 16 17 hints603 510 60
104 ) 34638
15 16 17 hints536 111 99
287 ) 333726
123 ) 85432
123 ) 146006
15 16 17 hints663 435 58
91 ) 34080
15 16 17 hints312 246 144
123 ) 90556
114 ) 123053
15 16 17 hints621 56 18
84 ) 38886
227 ) 325702
15 16 17 hints634 539 388
922 ) 901079
194 ) 122644
2316 ) 1700000
130 ) 51534
114 ) 88437
15 16 17 hints543 314 144
226 ) 84306
15 16 17 hints636 224 42
449 ) 354194
128 ) 123053
15 16 17 hints709 354 59
15 16 17 hints618 404 50
15 16 17 hints660 617 132
15 16 17 hints646 590 25
137 ) 82000
102 ) 34638
15 16 17 hints320 55 45
114 ) 117600
130 ) 88437
15 16 17 hints494 42 11
115 ) 88437
15 16 17 hints298 234 9
15 16 17 hints675 127 72
15 16 17 hints686 298 277
15 16 17 hints524 271 36
109 ) 134222
15 16 17 hints585 369 11
15 16 17 hints621 552 10
131 ) 88437
15 16 17 hints283 131 3
250 ) 396086
92 ) 38886
123 ) 88437
15 16 17 hints563 505 284
510 ) 1144638
116 ) 65004
84 ) 38886
125 ) 137206
93 ) 95632
15 16 17 hints724 538 64
105 ) 65004
117 ) 141826
15 16 17 hints441 210 18
15 16 17 hints355 144 45
15 16 17 hints667 210 103
15 16 17 hints580 44 31
127 ) 88437
15 16 17 hints332 151 5
88 ) 38886
122 ) 136496
88 ) 38886
103 ) 83263
15 16 17 hints449 421 38
178 ) 88437
15 16 17 hints473 356 4
15 16 17 hints256 87 66
164 ) 142386
91 ) 38886
110 ) 65004
108 ) 88437
15 16 17 hints134 70 23
144 ) 152148
143 ) 221964
15 16 17 hints569 125 88
115 ) 152874
149 ) 88437
15 16 17 hints666 199 9
15 16 17 hints649 202 19
15 16 17 hints649 517 19
15 16 17 hints640 271 247
828 ) 1179387
116 ) 81458
159 ) 154948
106 ) 56910
113 ) 165305
15 16 17 hints625 505 66
15 16 17 hints571 561 388
86 ) 38886
128 ) 100980
15 16 17 hints76 32 10
15 16 17 hints696 57 32
138 ) 178904
15 16 17 hints462 265 3
15 16 17 hints423 174 108
15 16 17 hints411 173 54
15 16 17 hints162 110 65
15 16 17 hints463 255 4
15 16 17 hints644 418 228
15 16 17 hints382 18 17
115 ) 69312
108 ) 65004
92 ) 38886
113 ) 75008
110 ) 88437
15 16 17 hints636 297 142
131 ) 82000
90 ) 34638
15 16 17 hints471 290 12
93 ) 38886
126 ) 92084
211 ) 84306
15 16 17 hints424 273 73
15 16 17 hints681 586 87
105 ) 65004
118 ) 88437
15 16 17 hints315 80 36
15 16 17 hints625 491 328
15 16 17 hints545 493 387
15 16 17 hints708 306 151
106 ) 65004
145 ) 56910
220 ) 97958
15 16 17 hints111 22 16
15 16 17 hints672 418 11
15 16 17 hints445 326 252
105 ) 152576
15 16 17 hints603 528 23
106 ) 78120
115 ) 88437
15 16 17 hints628 505 230
15 16 17 hints600 10 4
186 ) 94008
126 ) 111084
15 16 17 hints526 205 71
854 ) 1390165
101 ) 34080
15 16 17 hints311 238 29
115 ) 88437
15 16 17 hints460 432 18
111 ) 45372
15 16 17 hints475 169 90
186 ) 94008
121 ) 88437
15 16 17 hints609 442 136
95 ) 86661
15 16 17 hints723 608 50
158 ) 96456
106 ) 41280
113 ) 88437
15 16 17 hints195 72 8
97 ) 38886
153 ) 101442
15 16 17 hints604 220 28
15 16 17 hints613 220 28
15 16 17 hints613 220 28
15 16 17 hints670 604 28
15 16 17 hints670 613 28
15 16 17 hints616 505 255
15 16 17 hints376 264 253
15 16 17 hints373 264 253
15 16 17 hints499 343 293
15 16 17 hints529 508 334
138 ) 51534
97 ) 34638
15 16 17 hints436 390 102
133 ) 65004
141 ) 88437
15 16 17 hints653 398 32
15 16 17 hints726 590 302
15 16 17 hints617 268 258
88 ) 33984
128 ) 123053
15 16 17 hints435 399 36
15 16 17 hints435 399 45
15 16 17 hints341 206 171
109 ) 52746
99 ) 34080
15 16 17 hints628 408 199
15 16 17 hints333 111 1
92 ) 58348
15 16 17 hints545 484 333
112 ) 123053
15 16 17 hints566 524 6
137 ) 58122
15 16 17 hints639 607 63
15 16 17 hints405 290 21
101 ) 34638
15 16 17 hints464 157 101
104 ) 88437
15 16 17 hints596 292 115
122 ) 75939
15 16 17 hints415 102 9
102 ) 103002
15 16 17 hints567 260 21
109 ) 123053
15 16 17 hints350 217 16
3313 ) 1700000
119 ) 88437
15 16 17 hints480 157 27
102 ) 88437
15 16 17 hints464 235 28
92 ) 29220
15 16 17 hints579 444 46
115 ) 83263
15 16 17 hints546 495 259
91 ) 29220
15 16 17 hints559 333 63
93 ) 36912
1623 ) 1626514
15 16 17 hints368 336 118
15 16 17 hints282 199 174
15 16 17 hints532 335 329
15 16 17 hints532 344 338
15 16 17 hints649 530 254
15 16 17 hints578 443 325
15 16 17 hints657 533 350
15 16 17 hints648 533 408
15 16 17 hints332 254 248
15 16 17 hints648 533 408
89 ) 38886
129 ) 82206
89 ) 38886
88 ) 38886
107 ) 48336
15 16 17 hints452 304 11
15 16 17 hints281 196 2
15 16 17 hints272 205 2
15 16 17 hints310 264 75
151 ) 88536
118 ) 78120
129 ) 88437
15 16 17 hints623 344 5
15 16 17 hints293 127 56
111 ) 115292
113 ) 100536
15 16 17 hints650 240 28
92 ) 91556
15 16 17 hints696 625 228
15 16 17 hints644 586 147
15 16 17 hints537 308 59
107 ) 88437
15 16 17 hints663 560 379
15 16 17 hints594 214 4
104 ) 88437
15 16 17 hints585 413 6
122 ) 146006
15 16 17 hints597 461 104
113 ) 88437
15 16 17 hints387 287 248
129 ) 65004
111 ) 123053
15 16 17 hints539 447 230
15 16 17 hints567 450 3
95 ) 29220
15 16 17 hints513 334 306
141 ) 84306
15 16 17 hints466 149 34
255 ) 88308
15 16 17 hints329 311 182
15 16 17 hints529 473 344
81 ) 50924
15 16 17 hints471 199 16
100 ) 102658
15 16 17 hints580 549 7
100 ) 88136
15 16 17 hints316 63 19
132 ) 88437
15 16 17 hints705 682 264
87 ) 36912
94 ) 103002
15 16 17 hints546 57 18
106 ) 133572
15 16 17 hints655 375 205
99 ) 45372
15 16 17 hints639 54 2
15 16 17 hints504 91 72
130 ) 88437
15 16 17 hints640 608 292
115 ) 54865
15 16 17 hints695 375 244
149 ) 61530
117 ) 112282
91 ) 54720
15 16 17 hints508 39 11
118 ) 88136
15 16 17 hints684 350 71
15 16 17 hints554 86 49
118 ) 58266
15 16 17 hints590 365 30
107 ) 114026
15 16 17 hints628 259 133
124 ) 123053
15 16 17 hints651 111 88
128 ) 115292
100 ) 114026
15 16 17 hints696 471 3
116 ) 86661
15 16 17 hints724 331 251
128 ) 115292
94 ) 38886
88 ) 38886
87 ) 34080
15 16 17 hints657 560 36
168 ) 119838
111 ) 65004
104 ) 88437
15 16 17 hints701 642 30
15 16 17 hints720 146 31
139 ) 152572
136 ) 88437
15 16 17 hints396 211 9
15 16 17 hints427 396 9
15 16 17 hints667 643 246
165 ) 156294
15 16 17 hints670 463 291
139 ) 152572
85 ) 38886
130 ) 88437
15 16 17 hints675 306 33
136 ) 88437
15 16 17 hints516 495 263
2909 ) 1700000
203 ) 168116
115 ) 51534
129 ) 85432
89 ) 52244
122 ) 56910
159 ) 173828
129 ) 123053
15 16 17 hints607 473 37
15 16 17 hints698 184 38
92 ) 52244
105 ) 65004
95 ) 38886
150 ) 175192
95 ) 52244
102 ) 38886
114 ) 88437
15 16 17 hints597 523 10
15 16 17 hints612 190 135
15 16 17 hints612 192 99
15 16 17 hints603 505 243
15 16 17 hints107 73 45
124 ) 86661
15 16 17 hints546 474 247
122 ) 89202
15 16 17 hints503 288 15
132 ) 131102
15 16 17 hints355 313 267
87 ) 29220
15 16 17 hints680 482 145
99 ) 52244
155 ) 125536
126 ) 65004
196 ) 180770
15 16 17 hints308 185 87
15 16 17 hints722 440 328
15 16 17 hints722 440 247
15 16 17 hints462 358 48
15 16 17 hints311 251 175
15 16 17 hints392 332 175
15 16 17 hints385 211 147
15 16 17 hints329 89 66
15 16 17 hints726 310 42
15 16 17 hints568 425 333
97 ) 80008
15 16 17 hints487 298 34
134 ) 123572
94 ) 29220
15 16 17 hints372 259 156
1291 ) 88668
148 ) 88437
15 16 17 hints688 103 65
15 16 17 hints688 103 65
15 16 17 hints686 580 101
15 16 17 hints335 315 287
108 ) 145580
15 16 17 hints588 207 29
15 16 17 hints588 209 27
15 16 17 hints579 207 29
15 16 17 hints579 209 27
15 16 17 hints512 191 9
15 16 17 hints675 180 34
200 ) 144256
112 ) 56910
194 ) 146262
111 ) 82000
220 ) 268463
92 ) 38886
150 ) 161888
113 ) 83263
15 16 17 hints326 294 29
15 16 17 hints514 500 40
15 16 17 hints604 249 28
114 ) 65004
121 ) 51534
117 ) 88437
15 16 17 hints414 296 113
134 ) 85432
115 ) 56910
174 ) 187252
115 ) 110796
345 ) 321490
119 ) 123053
15 16 17 hints705 84 63
15 16 17 hints705 84 63
15 16 17 hints583 62 39
15 16 17 hints377 241 31
105 ) 123053
15 16 17 hints561 388 291
15 16 17 hints630 277 148
152 ) 193156
87 ) 38886
114 ) 65004
75 ) 35516
15 16 17 hints705 344 109
148 ) 193156
138 ) 211566
105 ) 111110
89 ) 38886
342 ) 128262
277 ) 336141
108 ) 129334
15 16 17 hints710 214 4
125 ) 71236
132 ) 58122
15 16 17 hints352 99 1
105 ) 65004
133 ) 117160
114 ) 137206
155 ) 193156
150 ) 211566
110 ) 88437
15 16 17 hints546 512 12
93 ) 102658
15 16 17 hints691 331 2
125 ) 71236
190 ) 353263
80 ) 54865
15 16 17 hints441 61 40
115 ) 141826
15 16 17 hints688 489 210
15 16 17 hints701 574 120
15 16 17 hints355 343 103
15 16 17 hints606 493 121
15 16 17 hints671 658 208
101 ) 100829
15 16 17 hints411 122 18
137 ) 88437
15 16 17 hints632 220 11
15 16 17 hints632 220 11
15 16 17 hints618 373 139
137 ) 117160
148 ) 228088
165 ) 206808
139 ) 110796
118 ) 132465
15 16 17 hints553 253 57
15 16 17 hints649 455 262
15 16 17 hints649 455 262
15 16 17 hints726 274 258
1343 ) 88668
191 ) 260892
155 ) 123053
15 16 17 hints601 475 42
15 16 17 hints601 475 42
15 16 17 hints618 590 280
15 16 17 hints618 585 280
15 16 17 hints339 293 5
15 16 17 hints340 133 93
206 ) 209496
15 16 17 hints324 312 4
15 16 17 hints313 166 81
15 16 17 hints454 179 4
15 16 17 hints647 132 85
15 16 17 hints683 453 350
15 16 17 hints586 581 122
15 16 17 hints609 332 113
15 16 17 hints588 577 120
15 16 17 hints681 622 95
15 16 17 hints681 622 185
98 ) 34080
15 16 17 hints285 228 29
177 ) 305601
466 ) 476601
148 ) 331132
15 16 17 hints618 414 274
184 ) 337876
98 ) 38886
103 ) 54865
15 16 17 hints678 667 272
116 ) 65004
105 ) 52244
189 ) 416682
113 ) 88437
15 16 17 hints649 607 307
15 16 17 hints697 73 30
108 ) 54865
15 16 17 hints442 263 82
15 16 17 hints603 256 50
15 16 17 hints608 589 279
388 ) 517922
106 ) 123053
15 16 17 hints330 69 2
98 ) 90556
104 ) 52000
15 16 17 hints456 117 64
96 ) 99867
15 16 17 hints580 285 32
119 ) 111084
15 16 17 hints722 652 73
15 16 17 hints721 169 74
340 ) 648074
86 ) 38886
388 ) 517922
102 ) 132465
15 16 17 hints81 60 1
115 ) 65004
93 ) 38886
167 ) 88437
15 16 17 hints323 140 30
261 ) 502552
243 ) 654404
116 ) 88437
15 16 17 hints708 159 23
15 16 17 hints707 582 158
15 16 17 hints672 275 243
105 ) 65004
137 ) 65004
117 ) 88437
15 16 17 hints676 498 289
15 16 17 hints237 53 19
125 ) 75939
15 16 17 hints104 58 1
121 ) 88437
15 16 17 hints489 185 30
15 16 17 hints311 185 108
15 16 17 hints628 612 33
1365 ) 93612
232 ) 656820
15 16 17 hints441 272 92
15 16 17 hints439 353 94
15 16 17 hints353 315 218
15 16 17 hints583 405 193
15 16 17 hints436 178 127
15 16 17 hints414 376 187
15 16 17 hints442 178 135
15 16 17 hints271 92 57
15 16 17 hints441 115 9
15 16 17 hints386 171 4
102 ) 52244
127 ) 160808
469 ) 528099
389 ) 655850
103 ) 52244
101 ) 88136
15 16 17 hints518 317 12
131 ) 160808
97 ) 54865
15 16 17 hints432 372 20
15 16 17 hints435 369 20
15 16 17 hints435 373 19
86 ) 38886
136 ) 160808
96 ) 38886
123 ) 88437
15 16 17 hints634 477 278
111 ) 65004
111 ) 75939
15 16 17 hints247 192 12
15 16 17 hints548 460 29
136 ) 160808
176 ) 245344
331 ) 920057
129 ) 88437
15 16 17 hints460 243 63
15 16 17 hints506 470 333
15 16 17 hints247 172 63
142 ) 177665
15 16 17 hints522 243 23
15 16 17 hints522 261 5
15 16 17 hints522 243 23
15 16 17 hints522 261 5
15 16 17 hints371 184 83
86 ) 38886
157 ) 98988
537 ) 558452
242 ) 320070
104 ) 65004
105 ) 45372
15 16 17 hints596 227 55
90 ) 78120
221 ) 111042
95 ) 34638
15 16 17 hints582 123 67
175 ) 351436
105 ) 100829
15 16 17 hints382 322 13
15 16 17 hints319 193 137
15 16 17 hints400 146 3
15 16 17 hints490 400 12
492 ) 999044
96 ) 34080
15 16 17 hints569 153 4
182 ) 351436
221 ) 124170
136 ) 128743
15 16 17 hints664 535 298
185 ) 237932
94 ) 59208
191 ) 415550
173 ) 365133
99 ) 82434
15 16 17 hints657 632 27
15 16 17 hints279 63 29
637 ) 639991
15 16 17 hints603 451 54
15 16 17 hints703 442 132
15 16 17 hints435 400 274
15 16 17 hints688 321 67
15 16 17 hints724 439 369
15 16 17 hints699 319 78
15 16 17 hints697 321 76
15 16 17 hints682 636 445
15 16 17 hints696 637 480
15 16 17 hints636 450 144
109 ) 38886
258 ) 124242
15 16 17 hints567 306 280
15 16 17 hints558 269 139
15 16 17 hints399 264 216
15 16 17 hints597 558 243
195 ) 237932
1387 ) 93612
224 ) 438034
143 ) 78120
181 ) 298761
15 16 17 hints631 534 399
241 ) 384286
88 ) 38886
193 ) 237932
126 ) 88437
15 16 17 hints508 283 127
15 16 17 hints508 485 334
15 16 17 hints565 103 55
94 ) 38886
641 ) 1020268
120 ) 94708
15 16 17 hints544 534 79
200 ) 447678
193 ) 392542
111 ) 93436
137 ) 58122
15 16 17 hints261 166 110
118 ) 90802
15 16 17 hints279 180 32
15 16 17 hints288 180 32
15 16 17 hints369 200 155
204 ) 237932
120 ) 109828
177 ) 486718
15 16 17 hints615 280 275
15 16 17 hints592 415 275
15 16 17 hints680 537 343
15 16 17 hints689 537 343
15 16 17 hints519 292 35
15 16 17 hints654 421 51
15 16 17 hints663 331 51
15 16 17 hints606 412 33
101 ) 38886
250 ) 527662
118 ) 110008
15 16 17 hints449 277 48
15 16 17 hints240 232 50
15 16 17 hints455 230 48
118 ) 65004
95 ) 34638
15 16 17 hints654 345 138
1278 ) 88668
170 ) 245336
130 ) 88437
15 16 17 hints446 88 59
15 16 17 hints446 349 59
15 16 17 hints644 579 268
490 ) 1050631
122 ) 141826
15 16 17 hints321 204 40
134 ) 92084
254 ) 527662
408 ) 572265
107 ) 112282
236 ) 264330
96 ) 34080
15 16 17 hints555 202 54
213 ) 596144
114 ) 140544
101 ) 108804
132 ) 282519
284 ) 633808
141 ) 94708
15 16 17 hints541 384 266
1056 ) 102444
123 ) 110796
196 ) 289790
128 ) 123053
15 16 17 hints171 141 31
15 16 17 hints295 97 30
15 16 17 hints292 33 18
533 ) 1050631
231 ) 699162
311 ) 641618
105 ) 88437
15 16 17 hints606 576 2
100 ) 88437
15 16 17 hints421 403 62
110 ) 90556
168 ) 304706
140 ) 87786
15 16 17 hints661 354 332
109 ) 123053
15 16 17 hints614 583 139
15 16 17 hints619 130 2
235 ) 699162
84 ) 29220
15 16 17 hints607 511 481
151 ) 366037
287 ) 680992
85 ) 29220
15 16 17 hints614 299 64
85 ) 38886
177 ) 432519
115 ) 65004
278 ) 726359
118 ) 88437
15 16 17 hints520 448 244
153 ) 438776
327 ) 704275
116 ) 134440
116 ) 88437
15 16 17 hints695 494 13
122 ) 134440
161 ) 449012
284 ) 726359
15 16 17 hints637 499 139
15 16 17 hints637 495 135
15 16 17 hints637 499 139
15 16 17 hints637 495 135
15 16 17 hints542 517 293
15 16 17 hints295 113 42
15 16 17 hints606 110 49
15 16 17 hints606 128 31
15 16 17 hints657 515 142
15 16 17 hints657 533 142
117 ) 86661
15 16 17 hints715 421 260
1053 ) 102444
248 ) 751744
15 16 17 hints726 230 39
15 16 17 hints588 509 233
15 16 17 hints723 694 122
15 16 17 hints534 501 91
15 16 17 hints531 501 91
15 16 17 hints684 581 103
15 16 17 hints642 604 93
15 16 17 hints590 559 214
15 16 17 hints666 549 501
15 16 17 hints581 214 91
142 ) 182578
155 ) 450213
15 16 17 hints713 606 530
15 16 17 hints559 150 109
15 16 17 hints668 118 42
15 16 17 hints524 139 64
15 16 17 hints541 524 150
15 16 17 hints184 118 42
15 16 17 hints595 188 24
15 16 17 hints609 592 112
15 16 17 hints618 610 170
15 16 17 hints575 493 19
97 ) 101913
15 16 17 hints570 376 8
131 ) 188360
132 ) 56910
1128 ) 1091097
103 ) 87709
15 16 17 hints441 394 183
164 ) 101544
216 ) 192167
181 ) 88437
15 16 17 hints402 263 56
15 16 17 hints548 139 3
118 ) 123053
15 16 17 hints624 304 264
136 ) 88437
15 16 17 hints517 270 269
121 ) 123053
15 16 17 hints348 203 92
15 16 17 hints404 364 14
141 ) 55530
15 16 17 hints598 175 30
245 ) 307272
150 ) 98988
279 ) 219541
452 ) 1254838
224 ) 403438
1885 ) 152544
145 ) 109446
137 ) 233824
15 16 17 hints545 266 37
15 16 17 hints541 374 262
15 16 17 hints509 64 51
15 16 17 hints504 64 51
15 16 17 hints392 248 1
15 16 17 hints424 77 64
15 16 17 hints608 405 295
15 16 17 hints342 100 80
15 16 17 hints428 208 18
340 ) 531780
103 ) 94708
15 16 17 hints587 514 102
232 ) 169851
251 ) 453772
206 ) 124170
255 ) 629797
143 ) 173828
1096 ) 108876
153 ) 127834
130 ) 109446
117 ) 186071
109 ) 90556
269 ) 498344
112 ) 78120
170 ) 130710
102 ) 103002
15 16 17 hints195 145 5
246 ) 644304
15 16 17 hints662 531 106
15 16 17 hints527 345 40
15 16 17 hints529 130 102
161 ) 121248
145 ) 111084
15 16 17 hints484 407 127
15 16 17 hints716 484 425
110 ) 105456
164 ) 205386
117 ) 133572
15 16 17 hints551 508 121
15 16 17 hints650 527 426
15 16 17 hints589 419 129
15 16 17 hints698 670 358
15 16 17 hints569 513 38
15 16 17 hints659 347 32
92 ) 38886
104 ) 45664
15 16 17 hints267 69 2
105 ) 131974
15 16 17 hints721 504 472
15 16 17 hints643 244 91
15 16 17 hints647 244 91
161 ) 121248
130 ) 88437
15 16 17 hints547 394 278
100 ) 94996
177 ) 221782
15 16 17 hints550 513 503
15 16 17 hints682 546 516
15 16 17 hints621 84 15
15 16 17 hints653 396 57
15 16 17 hints644 607 488
15 16 17 hints552 461 16
15 16 17 hints483 241 48
15 16 17 hints680 493 62
15 16 17 hints602 578 63
15 16 17 hints608 482 66
133 ) 123053
15 16 17 hints618 129 87
362 ) 503563
152 ) 144870
180 ) 136050
121 ) 113464
15 16 17 hints272 162 37
15 16 17 hints296 166 40
15 16 17 hints607 551 45
108 ) 103002
15 16 17 hints537 364 110
163 ) 123053
15 16 17 hints335 38 15
198 ) 170334
176 ) 136050
294 ) 530909
132 ) 159520
99 ) 83263
15 16 17 hints474 207 56
205 ) 192870
15 16 17 hints594 293 274
15 16 17 hints371 279 225
15 16 17 hints347 272 225
122 ) 128823
204 ) 206028
1096 ) 108876
94 ) 102658
15 16 17 hints724 587 56
362 ) 551868
108 ) 129334
15 16 17 hints473 235 160
15 16 17 hints592 370 3
132 ) 152576
15 16 17 hints555 527 493
15 16 17 hints555 527 493
15 16 17 hints555 527 493
15 16 17 hints555 527 493
15 16 17 hints564 539 506
15 16 17 hints564 534 512
15 16 17 hints564 533 512
15 16 17 hints564 539 507
15 16 17 hints727 593 121
1636 ) 1513844
15 16 17 hints541 153 109
15 16 17 hints594 239 153
15 16 17 hints232 147 40
15 16 17 hints234 212 65
15 16 17 hints376 147 40
15 16 17 hints366 234 110
15 16 17 hints360 231 110
15 16 17 hints552 369 231
15 16 17 hints234 232 29
15 16 17 hints552 317 69
210 ) 206028
125 ) 75939
15 16 17 hints397 295 243
113 ) 56910
157 ) 123053
15 16 17 hints632 145 110
111 ) 87786
15 16 17 hints635 582 405
116 ) 56910
181 ) 214358
110 ) 83263
15 16 17 hints690 380 34
345 ) 551868
181 ) 187762
92 ) 38886
125 ) 88437
15 16 17 hints464 214 54
113 ) 102658
15 16 17 hints684 489 111
15 16 17 hints684 489 111
15 16 17 hints669 532 172
118 ) 86661
15 16 17 hints492 385 297
186 ) 214358
15 16 17 hints356 120 4
15 16 17 hints606 378 274
15 16 17 hints606 385 270
15 16 17 hints355 58 44
15 16 17 hints351 54 44
15 16 17 hints358 120 4
15 16 17 hints578 410 124
15 16 17 hints578 329 124
15 16 17 hints578 334 297
15 16 17 hints578 415 297
123 ) 65004
182 ) 127834
91 ) 38886
253 ) 205162
127 ) 88437
15 16 17 hints683 273 138
108 ) 88437
15 16 17 hints598 310 99
15 16 17 hints652 594 306
15 16 17 hints585 86 33
332 ) 551868
113 ) 65004
256 ) 130284
244 ) 226526
96 ) 86661
15 16 17 hints604 14 4
161 ) 88437
15 16 17 hints488 171 47
15 16 17 hints488 185 47
15 16 17 hints357 196 17
107 ) 123053
15 16 17 hints508 47 1
129 ) 88437
15 16 17 hints597 576 257
365 ) 551868
15 16 17 hints562 470 205
15 16 17 hints622 206 144
15 16 17 hints643 186 55
15 16 17 hints598 460 144
15 16 17 hints699 643 189
15 16 17 hints620 195 80
15 16 17 hints622 525 350
15 16 17 hints622 525 269
15 16 17 hints622 525 261
15 16 17 hints622 525 350
194 ) 149776
187 ) 256214
93 ) 38886
134 ) 75939
15 16 17 hints592 448 255
151 ) 154008
102 ) 90556
186 ) 256214
116 ) 65004
89 ) 38886
103 ) 90556
145 ) 104674
115 ) 65004
205 ) 279618
138 ) 111084
15 16 17 hints639 317 13
15 16 17 hints630 308 13
15 16 17 hints639 534 483
107 ) 172457
15 16 17 hints457 201 14
103 ) 90556
316 ) 182598
118 ) 130645
15 16 17 hints378 143 1
147 ) 104674
103 ) 57456
15 16 17 hints664 357 18
118 ) 134728
15 16 17 hints607 557 10
111 ) 102658
15 16 17 hints519 321 12
15 16 17 hints516 330 318
15 16 17 hints619 371 17
15 16 17 hints636 613 325
113 ) 141826
15 16 17 hints364 211 11
15 16 17 hints364 211 92
15 16 17 hints703 396 270
15 16 17 hints725 378 270
15 16 17 hints396 383 5
129 ) 88437
15 16 17 hints579 393 15
268 ) 290752
107 ) 102658
15 16 17 hints666 609 189
314 ) 185176
211 ) 180216
87 ) 38886
283 ) 290752
126 ) 123053
15 16 17 hints581 32 9
107 ) 65004
212 ) 223923
111 ) 72564
15 16 17 hints647 505 432
235 ) 202678
135 ) 90552
90 ) 96493
15 16 17 hints233 178 145
129 ) 131858
136 ) 88437
15 16 17 hints406 270 46
15 16 17 hints505 335 289
15 16 17 hints82 67 44
204 ) 299464
144 ) 109828
102 ) 45664
15 16 17 hints689 668 137
229 ) 318162
15 16 17 hints654 563 316
15 16 17 hints711 575 396
15 16 17 hints666 315 100
15 16 17 hints544 477 406
15 16 17 hints666 330 321
15 16 17 hints406 368 319
15 16 17 hints728 616 315
15 16 17 hints728 577 337
138 ) 136713
252 ) 292642
15 16 17 hints595 569 469
15 16 17 hints601 570 420
15 16 17 hints712 394 370
289 ) 188776
165 ) 161975
261 ) 319448
15 16 17 hints398 382 340
15 16 17 hints541 531 394
15 16 17 hints632 257 182
15 16 17 hints520 331 297
15 16 17 hints520 331 297
15 16 17 hints513 324 144
15 16 17 hints673 571 333
15 16 17 hints673 571 334
15 16 17 hints495 324 144
15 16 17 hints663 499 342
206 ) 115074
15 16 17 hints560 552 443
15 16 17 hints525 464 83
15 16 17 hints401 122 83
104 ) 52244
262 ) 276800
152 ) 270708
206 ) 365466
107 ) 54865
15 16 17 hints707 354 72
15 16 17 hints725 540 273
151 ) 87786
15 16 17 hints678 568 108
100 ) 60222
131 ) 109100
116 ) 100829
15 16 17 hints310 113 73
228 ) 377341
105 ) 52000
15 16 17 hints259 205 12
328 ) 301734
135 ) 280112
148 ) 75552
306 ) 436894
178 ) 419864
160 ) 82428
100 ) 90556
200 ) 311608
104 ) 102658
15 16 17 hints675 660 241
15 16 17 hints680 354 14
132 ) 98988
143 ) 109916
110 ) 88437
15 16 17 hints647 606 8
243 ) 434770
132 ) 123053
15 16 17 hints472 145 130
447 ) 309818
233 ) 322820
145 ) 111110
115 ) 136496
95 ) 38886
174 ) 307688
216 ) 478545
257 ) 492850
116 ) 122846
149 ) 325930
129 ) 149120
15 16 17 hints606 501 27
15 16 17 hints560 217 108
123 ) 56910
640 ) 467908
121 ) 88437
15 16 17 hints517 202 10
115 ) 122846
125 ) 78120
134 ) 83732
15 16 17 hints305 118 27
178 ) 381718
250 ) 510303
129 ) 123053
15 16 17 hints398 329 191
15 16 17 hints551 363 135
15 16 17 hints560 373 58
15 16 17 hints560 374 59
15 16 17 hints358 103 39
113 ) 88437
15 16 17 hints631 380 61
334 ) 593597
306 ) 698670
150 ) 82000
461 ) 309818
171 ) 491770
94 ) 38886
113 ) 123053
15 16 17 hints407 119 86
351 ) 517938
125 ) 65004
244 ) 88437
15 16 17 hints463 346 37
15 16 17 hints344 275 127
15 16 17 hints652 513 343
15 16 17 hints513 502 202
15 16 17 hints352 124 22
103 ) 83263
15 16 17 hints566 240 84
198 ) 262348
333 ) 513077
92 ) 38886
244 ) 500878
308 ) 661224
314 ) 330412
326 ) 698670
148 ) 101442
114 ) 65004
111 ) 113464
15 16 17 hints697 400 109
15 16 17 hints697 400 109
15 16 17 hints688 442 100
15 16 17 hints256 127 6
204 ) 262348
166 ) 361301
229 ) 797318
166 ) 95640
132 ) 75939
15 16 17 hints595 314 243
310 ) 560338
297 ) 504958
467 ) 590834
208 ) 262348
195 ) 395275
132 ) 88437
15 16 17 hints723 151 46
142 ) 125008
134 ) 94708
15 16 17 hints706 664 167
200 ) 811660
143 ) 192767
15 16 17 hints342 162 45
15 16 17 hints342 172 45
15 16 17 hints350 162 147
15 16 17 hints552 154 143
15 16 17 hints565 145 93
116 ) 99867
15 16 17 hints527 378 161
175 ) 416883
15 16 17 hints312 157 55
15 16 17 hints308 157 55
15 16 17 hints628 546 299
15 16 17 hints581 573 312
15 16 17 hints581 573 312
15 16 17 hints549 305 254
15 16 17 hints366 336 28
15 16 17 hints539 441 161
15 16 17 hints520 405 356
207 ) 262348
270 ) 602966
289 ) 504958
15 16 17 hints681 657 157
15 16 17 hints719 223 49
15 16 17 hints323 298 232
15 16 17 hints481 227 160
15 16 17 hints716 224 49
15 16 17 hints517 309 220
15 16 17 hints707 632 233
15 16 17 hints440 390 242
15 16 17 hints320 229 108
15 16 17 hints320 229 108
104 ) 88437
15 16 17 hints506 408 8
600 ) 814920
407 ) 661250
97 ) 90556
156 ) 83958
313 ) 817215
202 ) 646918
15 16 17 hints417 409 49
15 16 17 hints276 256 244
15 16 17 hints405 259 24
15 16 17 hints487 336 7
15 16 17 hints694 409 282
15 16 17 hints431 414 274
15 16 17 hints417 283 18
15 16 17 hints665 451 403
15 16 17 hints531 422 24
15 16 17 hints697 412 45
233 ) 366409
129 ) 146006
15 16 17 hints655 333 54
121 ) 111084
15 16 17 hints539 45 22
15 16 17 hints668 531 53
148 ) 110208
117 ) 86878
15 16 17 hints453 402 110
339 ) 821844
251 ) 890418
239 ) 366409
111 ) 123053
15 16 17 hints632 410 296
120 ) 75939
15 16 17 hints424 76 2
217 ) 123053
15 16 17 hints666 632 441
15 16 17 hints585 555 23
15 16 17 hints558 412 182
554 ) 841845
15 16 17 hints509 358 19
15 16 17 hints629 540 191
15 16 17 hints428 385 5
15 16 17 hints646 115 94
15 16 17 hints615 508 29
15 16 17 hints577 558 191
15 16 17 hints621 616 109
15 16 17 hints642 540 143
15 16 17 hints642 143 34
15 16 17 hints657 547 183
282 ) 825168
15 16 17 hints532 334 4
15 16 17 hints623 200 1
15 16 17 hints713 273 37
15 16 17 hints290 203 82
15 16 17 hints573 541 69
15 16 17 hints658 492 347
15 16 17 hints649 501 347
15 16 17 hints577 548 94
15 16 17 hints550 57 17
15 16 17 hints712 508 413
261 ) 399293
324 ) 907691
151 ) 111084
15 16 17 hints561 514 200
139 ) 50706
118 ) 56904
324 ) 933455
15 16 17 hints364 305 154
15 16 17 hints378 325 286
15 16 17 hints609 320 215
15 16 17 hints355 234 4
15 16 17 hints217 133 5
15 16 17 hints366 337 88
15 16 17 hints323 276 91
15 16 17 hints617 609 75
15 16 17 hints537 441 320
107 ) 60222
102 ) 108804
102 ) 88437
15 16 17 hints422 278 3
464 ) 447760
91 ) 38886
106 ) 117160
135 ) 110796
113 ) 117160
192 ) 88544
91 ) 38070
15 16 17 hints683 356 280
149 ) 123096
137 ) 154752
140 ) 75008
149 ) 127834
104 ) 75939
15 16 17 hints517 437 73
136 ) 135166
120 ) 51534
126 ) 219588
15 16 17 hints720 299 113
15 16 17 hints724 441 253
193 ) 88544
179 ) 132858
15 16 17 hints244 226 10
15 16 17 hints695 508 251
15 16 17 hints676 454 4
146 ) 75008
143 ) 149120
15 16 17 hints539 285 110
15 16 17 hints518 383 280
15 16 17 hints384 353 124
15 16 17 hints704 211 91
130 ) 56910
143 ) 136496
121 ) 88437
15 16 17 hints678 486 252
128 ) 90552
140 ) 92084
88 ) 34638
15 16 17 hints682 487 2
157 ) 136496
185 ) 128262
594 ) 480414
110 ) 88437
15 16 17 hints688 663 279
140 ) 92084
221 ) 93654
126 ) 145432
15 16 17 hints463 330 43
15 16 17 hints466 330 40
15 16 17 hints701 652 198
15 16 17 hints671 607 129
15 16 17 hints666 607 51
15 16 17 hints427 330 145
88 ) 29220
15 16 17 hints505 443 109
132 ) 134118
152 ) 161512
110 ) 48846
156 ) 96168
88 ) 38886
151 ) 153600
141 ) 129888
108 ) 48846
145 ) 183753
333 ) 519728
15 16 17 hints509 91 50
15 16 17 hints504 91 45
15 16 17 hints509 91 32
15 16 17 hints504 91 27
15 16 17 hints434 352 255
15 16 17 hints434 352 246
15 16 17 hints358 255 167
15 16 17 hints598 128 118
15 16 17 hints619 225 110
15 16 17 hints434 327 298
127 ) 98280
15 16 17 hints716 358 104
15 16 17 hints654 558 9
15 16 17 hints432 138 18
15 16 17 hints723 514 161
15 16 17 hints723 514 158
15 16 17 hints549 421 252
15 16 17 hints711 493 356
15 16 17 hints691 484 288
15 16 17 hints522 473 333
98 ) 65004
88 ) 38886
177 ) 218212
15 16 17 hints724 667 377
126 ) 52746
159 ) 157516
105 ) 121686
219 ) 176800
195 ) 186818
99 ) 38886
124 ) 65004
125 ) 52746
122 ) 177782
107 ) 125006
15 16 17 hints334 234 18
15 16 17 hints460 234 18
15 16 17 hints685 108 21
15 16 17 hints282 252 218
127 ) 82000
141 ) 65004
184 ) 188360
126 ) 83508
130 ) 235414
95 ) 48126
243 ) 224752
129 ) 82000
152 ) 137206
127 ) 87756
93 ) 38886
151 ) 246256
118 ) 52000
15 16 17 hints495 306 18
15 16 17 hints550 297 18
156 ) 175930
15 16 17 hints715 195 158
114 ) 34080
15 16 17 hints554 515 63
138 ) 244620
150 ) 95640
262 ) 192167
128 ) 78120
145 ) 141826
15 16 17 hints435 318 20
15 16 17 hints435 318 209
15 16 17 hints351 255 95
15 16 17 hints454 444 165
145 ) 89982
15 16 17 hints669 525 180
15 16 17 hints669 525 180
15 16 17 hints662 527 93
15 16 17 hints660 543 171
15 16 17 hints666 610 117
15 16 17 hints633 211 120
15 16 17 hints531 467 54
106 ) 103002
15 16 17 hints721 435 34
156 ) 254297
150 ) 259696
15 16 17 hints635 539 523
15 16 17 hints635 532 530
15 16 17 hints352 215 189
15 16 17 hints352 206 189
15 16 17 hints640 620 207
15 16 17 hints695 451 27
15 16 17 hints622 539 513
15 16 17 hints434 428 227
15 16 17 hints388 359 2
15 16 17 hints473 209 10
87 ) 35976
15 16 17 hints698 646 282
162 ) 96456
207 ) 197880
15 16 17 hints606 554 381
15 16 17 hints606 555 138
15 16 17 hints524 398 128
15 16 17 hints682 552 20
15 16 17 hints704 238 150
15 16 17 hints533 363 218
15 16 17 hints602 242 155
15 16 17 hints518 407 363
15 16 17 hints542 140 128
102 ) 114720
15 16 17 hints191 142 13
254 ) 88437
15 16 17 hints409 382 9
15 16 17 hints599 562 378
15 16 17 hints357 121 54
162 ) 101688
220 ) 248322
133 ) 104674
112 ) 90556
469 ) 279178
126 ) 104674
160 ) 358086
104 ) 88437
15 16 17 hints572 311 3
85 ) 35976
15 16 17 hints411 401 111
185 ) 111084
15 16 17 hints649 250 149
15 16 17 hints487 444 250
129 ) 104674
15 16 17 hints614 155 61
15 16 17 hints272 102 74
15 16 17 hints593 525 123
15 16 17 hints593 525 119
15 16 17 hints696 198 79
15 16 17 hints606 540 200
15 16 17 hints720 512 314
15 16 17 hints701 354 155
15 16 17 hints699 353 153
15 16 17 hints270 204 153
93 ) 95632
15 16 17 hints361 250 18
184 ) 464620
424 ) 304280
253 ) 500184
409 ) 109140
104 ) 88136
15 16 17 hints674 613 140
164 ) 181250
134 ) 123096
120 ) 123096
111 ) 78120
173 ) 504646
142 ) 164460
15 16 17 hints681 635 263
87 ) 38886
139 ) 187252
120 ) 90920
144 ) 125232
91 ) 95632
15 16 17 hints452 192 144
96 ) 78120
170 ) 132520
122 ) 82000
178 ) 504646
120 ) 123053
15 16 17 hints712 531 224
15 16 17 hints638 531 279
15 16 17 hints653 353 342
112 ) 88437
15 16 17 hints301 157 3
15 16 17 hints593 166 156
15 16 17 hints643 618 24
163 ) 132520
197 ) 206162
164 ) 132520
130 ) 82000
166 ) 532492
114 ) 75008
640 ) 362656
111 ) 86661
15 16 17 hints645 611 389
15 16 17 hints645 611 387
15 16 17 hints645 623 128
171 ) 160770
171 ) 132520
197 ) 208190
148 ) 183753
102 ) 88437
15 16 17 hints708 662 252
120 ) 150892
15 16 17 hints588 429 37
192 ) 646199
138 ) 135166
128 ) 209496
121 ) 71544
15 16 17 hints701 653 22
181 ) 186818
128 ) 75939
15 16 17 hints272 163 4
284 ) 161178
131 ) 106480
147 ) 233102
185 ) 135166
138 ) 187762
434 ) 395196
15 16 17 hints718 588 16
15 16 17 hints552 484 340
15 16 17 hints713 75 13
15 16 17 hints300 153 8
15 16 17 hints459 232 9
15 16 17 hints380 304 156
15 16 17 hints618 524 306
15 16 17 hints524 306 245
15 16 17 hints697 542 512
15 16 17 hints600 587 504
99 ) 133572
15 16 17 hints607 46 30
15 16 17 hints598 418 180
143 ) 169336
137 ) 135166
159 ) 233656
94 ) 35976
15 16 17 hints458 301 100
85 ) 33984
429 ) 735504
175 ) 189273
15 16 17 hints239 36 34
15 16 17 hints701 448 119
15 16 17 hints223 53 36
15 16 17 hints448 119 36
15 16 17 hints702 237 161
94 ) 44592
218 ) 172764
91 ) 38886
191 ) 136496
194 ) 279059
152 ) 91146
15 16 17 hints706 398 171
95 ) 48708
128 ) 56910
162 ) 218232
114 ) 72744
155 ) 285620
172 ) 160770
127 ) 88437
15 16 17 hints663 305 248
116 ) 65004
82 ) 38886
121 ) 159588
421 ) 735504
15 16 17 hints710 612 569
15 16 17 hints684 382 18
15 16 17 hints686 193 65
15 16 17 hints686 364 236
15 16 17 hints688 194 67
15 16 17 hints686 194 65
15 16 17 hints558 107 76
15 16 17 hints341 215 131
15 16 17 hints457 269 7
15 16 17 hints374 269 5
161 ) 89418
148 ) 165326
15 16 17 hints495 215 24
15 16 17 hints595 576 114
15 16 17 hints664 311 253
15 16 17 hints613 576 132
15 16 17 hints724 159 52
15 16 17 hints700 506 453
15 16 17 hints724 159 34
15 16 17 hints644 525 370
15 16 17 hints687 640 506
15 16 17 hints645 87 45
197 ) 288703
15 16 17 hints424 374 233
15 16 17 hints407 172 128
15 16 17 hints728 351 127
15 16 17 hints407 277 137
15 16 17 hints316 133 46
15 16 17 hints469 155 127
15 16 17 hints407 310 47
15 16 17 hints434 250 207
15 16 17 hints351 221 11
15 16 17 hints250 161 127
109 ) 65004
145 ) 82000
128 ) 159588
103 ) 56910
168 ) 108932
15 16 17 hints695 406 54
15 16 17 hints694 571 54
15 16 17 hints657 379 279
15 16 17 hints652 369 171
15 16 17 hints614 263 181
15 16 17 hints613 396 262
123 ) 88437
15 16 17 hints680 625 64
15 16 17 hints398 346 157
15 16 17 hints625 491 67
15 16 17 hints521 410 273
15 16 17 hints688 302 247
149 ) 96456
137 ) 173790
15 16 17 hints541 242 120
15 16 17 hints541 242 121
15 16 17 hints640 525 142
137 ) 82000
444 ) 271200
15 16 17 hints648 63 1
15 16 17 hints689 489 45
15 16 17 hints226 149 45
15 16 17 hints572 213 162
15 16 17 hints655 632 513
15 16 17 hints713 514 153
15 16 17 hints692 642 630
15 16 17 hints626 571 297
15 16 17 hints520 311 171
15 16 17 hints227 64 18
109 ) 88437
15 16 17 hints637 295 261
117 ) 104674
133 ) 143442
237 ) 187252
112 ) 100829
15 16 17 hints342 231 8
15 16 17 hints644 570 252
15 16 17 hints703 325 62
109 ) 104674
138 ) 169851
140 ) 123053
15 16 17 hints562 305 244
117 ) 56910
115 ) 108744
225 ) 206808
221 ) 132520
131 ) 82000
170 ) 160896
265 ) 187785
15 16 17 hints573 504 387
15 16 17 hints608 265 27
15 16 17 hints718 571 270
96 ) 60222
145 ) 152148
142 ) 123096
244 ) 233102
154 ) 169752
15 16 17 hints660 299 29
15 16 17 hints553 354 299
15 16 17 hints683 564 32
125 ) 156517
15 16 17 hints439 179 101
106 ) 69042
122 ) 152572
169 ) 124170
124 ) 88437
15 16 17 hints186 79 44
148 ) 101970
172 ) 162216
103 ) 88437
15 16 17 hints693 291 54
169 ) 132520
93 ) 101913
15 16 17 hints537 374 83
353 ) 233656
154 ) 175192
15 16 17 hints373 362 13
15 16 17 hints364 213 148
15 16 17 hints656 184 138
15 16 17 hints562 223 40
15 16 17 hints375 143 22
15 16 17 hints656 353 330
15 16 17 hints454 344 29
15 16 17 hints308 29 5
15 16 17 hints690 152 5
15 16 17 hints425 307 194
127 ) 52000
15 16 17 hints555 297 83
105 ) 48846
111 ) 88437
15 16 17 hints610 213 85
175 ) 135166
145 ) 88344
120 ) 160650
15 16 17 hints199 195 106
114 ) 48846
120 ) 52746
121 ) 137206
105 ) 94708
15 16 17 hints657 351 250
15 16 17 hints423 221 169
202 ) 298257
78 ) 38510
15 16 17 hints699 511 246
288 ) 353205
125 ) 128320
112 ) 52000
15 16 17 hints349 295 210
15 16 17 hints625 134 22
120 ) 83508
499 ) 258402
127 ) 137206
130 ) 88437
15 16 17 hints561 511 291
160 ) 209484
15 16 17 hints696 365 36
15 16 17 hints162 136 134
214 ) 298257
142 ) 100448
119 ) 141826
15 16 17 hints689 561 218
15 16 17 hints602 499 95
15 16 17 hints691 219 47
15 16 17 hints313 239 14
15 16 17 hints547 527 137
15 16 17 hints589 101 80
15 16 17 hints716 688 236
15 16 17 hints716 688 236
15 16 17 hints518 142 59
235 ) 373648
120 ) 100960
15 16 17 hints464 293 135
15 16 17 hints482 248 153
15 16 17 hints554 360 200
15 16 17 hints402 282 21
15 16 17 hints371 321 135
120 ) 85432
333 ) 262764
117 ) 102658
15 16 17 hints318 284 168
15 16 17 hints692 464 219
280 ) 369402
98 ) 102658
15 16 17 hints373 267 4
157 ) 389052
202 ) 294523
161 ) 389052
549 ) 403544
132 ) 146006
15 16 17 hints257 190 49
164 ) 389052
130 ) 88437
15 16 17 hints565 534 287
221 ) 88437
15 16 17 hints514 169 30
105 ) 88437
15 16 17 hints663 596 10
104 ) 95632
15 16 17 hints513 455 254
153 ) 123053
15 16 17 hints388 268 45
162 ) 389052
88 ) 48126
110 ) 94708
15 16 17 hints476 253 150
137 ) 164616
126 ) 56388
15 16 17 hints613 524 20
15 16 17 hints703 229 47
212 ) 226794
626 ) 368294
223 ) 399036
145 ) 183140
15 16 17 hints627 137 45
15 16 17 hints232 112 101
135 ) 132465
15 16 17 hints504 317 270
107 ) 102658
15 16 17 hints297 121 81
191 ) 486180
242 ) 233102
260 ) 452295
750 ) 431952
96 ) 38886
192 ) 249048
1099 ) 394364
147 ) 146874
119 ) 115292
196 ) 511814
128 ) 65004
250 ) 233102
165 ) 336300
164 ) 147077
105 ) 103002
15 16 17 hints633 363 137
15 16 17 hints633 363 155
15 16 17 hints469 53 20
294 ) 524731
218 ) 162216
268 ) 554216
164 ) 147077
102 ) 86661
15 16 17 hints520 186 23
109 ) 88437
15 16 17 hints340 80 11
425 ) 419058
346 ) 233656
243 ) 193156
169 ) 147077
220 ) 583268
111 ) 88437
15 16 17 hints569 171 109
391 ) 336828
100 ) 98532
730 ) 431952
169 ) 147077
210 ) 196992
15 16 17 hints651 596 141
15 16 17 hints594 336 103
15 16 17 hints541 330 283
15 16 17 hints481 346 324
196 ) 612104
15 16 17 hints522 206 113
15 16 17 hints529 206 108
15 16 17 hints526 206 113
15 16 17 hints529 206 112
15 16 17 hints522 113 44
15 16 17 hints524 453 43
15 16 17 hints535 291 36
15 16 17 hints532 434 347
15 16 17 hints523 282 38
15 16 17 hints526 115 38
233 ) 402500
129 ) 102058
15 16 17 hints382 266 43
15 16 17 hints393 250 23
585 ) 551613
15 16 17 hints453 141 3
15 16 17 hints340 142 39
15 16 17 hints635 356 336
15 16 17 hints493 464 85
15 16 17 hints319 257 94
15 16 17 hints341 319 104
15 16 17 hints574 379 184
15 16 17 hints580 497 85
15 16 17 hints512 499 10
15 16 17 hints584 508 323
151 ) 82000
153 ) 172457
15 16 17 hints698 418 369
15 16 17 hints671 445 342
15 16 17 hints671 448 342
15 16 17 hints671 423 364
15 16 17 hints671 423 367
15 16 17 hints697 335 327
425 ) 419058
100 ) 52244
380 ) 233656
130 ) 69312
130 ) 327446
15 16 17 hints687 280 73
97 ) 54865
15 16 17 hints601 586 342
15 16 17 hints597 585 349
151 ) 82000
98 ) 38886
257 ) 443960
134 ) 69312
238 ) 263226
139 ) 98988
113 ) 50706
139 ) 65004
128 ) 72450
15 16 17 hints626 602 131
15 16 17 hints626 600 131
15 16 17 hints600 312 9
144 ) 122846
426 ) 452489
139 ) 110796
121 ) 88437
15 16 17 hints422 381 102
15 16 17 hints553 427 282
15 16 17 hints303 42 21
618 ) 537484
15 16 17 hints504 409 378
15 16 17 hints602 382 232
15 16 17 hints598 382 369
15 16 17 hints678 576 297
15 16 17 hints670 547 277
15 16 17 hints512 464 53
15 16 17 hints619 359 313
15 16 17 hints674 565 544
15 16 17 hints728 706 592
15 16 17 hints616 544 305
304 ) 507076
116 ) 83508
245 ) 263226
108 ) 132465
15 16 17 hints494 205 74
15 16 17 hints394 264 156
15 16 17 hints336 156 43
151 ) 122846
102 ) 95410
15 16 17 hints597 262 108
15 16 17 hints675 663 3
81 ) 54865
15 16 17 hints675 136 112
243 ) 263226
165 ) 140646
194 ) 124170
323 ) 507076
90 ) 34080
15 16 17 hints483 75 1
86 ) 48126
86 ) 38886
85 ) 35976
15 16 17 hints601 561 262
98 ) 57288
192 ) 136496
116 ) 90802
15 16 17 hints685 219 10
15 16 17 hints588 528 14
276 ) 263798
111 ) 57456
15 16 17 hints713 518 2
15 16 17 hints677 506 56
15 16 17 hints582 221 6
317 ) 214126
113 ) 85432
183 ) 168644
142 ) 132520
102 ) 90556
171 ) 112282
390 ) 551156
125 ) 136496
124 ) 137206
109 ) 90556
905 ) 481842
146 ) 115292
212 ) 172730
117 ) 145432
15 16 17 hints359 27 25
15 16 17 hints684 572 24
15 16 17 hints679 282 34
110 ) 111084
15 16 17 hints708 324 57
15 16 17 hints651 382 82
15 16 17 hints615 577 90
15 16 17 hints570 82 45
129 ) 137206
127 ) 123053
15 16 17 hints409 40 8
387 ) 268922
450 ) 278494
15 16 17 hints350 299 275
15 16 17 hints706 677 373
15 16 17 hints706 677 373
15 16 17 hints542 335 293
15 16 17 hints542 455 335
15 16 17 hints547 518 382
15 16 17 hints548 518 382
15 16 17 hints547 518 382
15 16 17 hints425 301 41
15 16 17 hints715 475 344
308 ) 588792
142 ) 181522
15 16 17 hints596 487 324
15 16 17 hints596 490 324
15 16 17 hints689 454 325
102 ) 102658
15 16 17 hints455 315 117
214 ) 178904
15 16 17 hints309 286 77
15 16 17 hints309 284 76
15 16 17 hints598 400 29
15 16 17 hints600 148 61
15 16 17 hints600 148 59
15 16 17 hints662 535 274
15 16 17 hints383 273 49
15 16 17 hints607 547 30
15 16 17 hints708 537 139
15 16 17 hints704 373 357
225 ) 139096
123 ) 110796
324 ) 511371
123 ) 58122
15 16 17 hints638 342 320
115 ) 123053
15 16 17 hints689 496 410
15 16 17 hints692 340 86
112 ) 94708
15 16 17 hints415 302 58
230 ) 153150
203 ) 146226
162 ) 84306
15 16 17 hints311 157 32
455 ) 665966
15 16 17 hints621 156 126
15 16 17 hints441 146 72
15 16 17 hints331 317 62
15 16 17 hints299 278 54
15 16 17 hints321 114 62
15 16 17 hints402 299 62
15 16 17 hints403 299 62
15 16 17 hints156 80 56
15 16 17 hints475 411 404
15 16 17 hints459 339 305
134 ) 128823
529 ) 441096
239 ) 153150
275 ) 205162
163 ) 136496
160 ) 155544
190 ) 156072
577 ) 522612
15 16 17 hints622 591 499
15 16 17 hints622 587 499
15 16 17 hints671 521 277
15 16 17 hints590 577 551
15 16 17 hints646 587 464
15 16 17 hints727 668 464
15 16 17 hints673 554 479
15 16 17 hints626 515 398
15 16 17 hints720 672 499
15 16 17 hints679 502 263
141 ) 180770
194 ) 193548
331 ) 441317
199 ) 450257
15 16 17 hints310 277 145
15 16 17 hints657 277 198
15 16 17 hints717 533 68
146 ) 167866
15 16 17 hints613 295 270
15 16 17 hints613 295 270
15 16 17 hints694 288 111
15 16 17 hints694 259 133
108 ) 191547
15 16 17 hints653 576 19
15 16 17 hints668 612 1
366 ) 212450
160 ) 196992
15 16 17 hints603 356 300
15 16 17 hints711 526 270
15 16 17 hints689 675 495
112 ) 123053
15 16 17 hints336 137 10
118 ) 123053
15 16 17 hints599 192 145
334 ) 441317
127 ) 100829
15 16 17 hints635 478 276
112 ) 87786
15 16 17 hints616 584 327
77 ) 29220
15 16 17 hints689 570 147
105 ) 88437
15 16 17 hints332 282 34
83 ) 34638
15 16 17 hints679 628 13
101 ) 38886
91 ) 34638
15 16 17 hints501 56 5
426 ) 311448
365 ) 502552
109 ) 90802
15 16 17 hints669 399 119
15 16 17 hints665 246 140
412 ) 472035
103 ) 75024
15 16 17 hints659 116 6
107 ) 88136
15 16 17 hints405 317 40
311 ) 330023
293 ) 543752
82 ) 29220
15 16 17 hints434 400 2
86 ) 38886
246 ) 288249
121 ) 146006
15 16 17 hints542 468 11
421 ) 472035
96 ) 54865
15 16 17 hints280 189 18
15 16 17 hints469 297 110
121 ) 89982
15 16 17 hints538 427 1
104 ) 94708
15 16 17 hints534 501 166
538 ) 391948
104 ) 88437
15 16 17 hints461 244 67
611 ) 716944
107 ) 131982
15 16 17 hints561 124 19
367 ) 370001
87 ) 38886
108 ) 88437
15 16 17 hints112 68 10
116 ) 123053
15 16 17 hints683 661 288
438 ) 742257
102 ) 65004
122 ) 123053
15 16 17 hints592 313 262
103 ) 65004
175 ) 88437
15 16 17 hints646 237 5
119 ) 84306
15 16 17 hints542 404 270
270 ) 388056
113 ) 88437
15 16 17 hints478 118 55
15 16 17 hints480 120 64
15 16 17 hints480 120 64
15 16 17 hints577 339 3
510 ) 399616
15 16 17 hints720 625 266
15 16 17 hints367 298 176
15 16 17 hints647 581 477
15 16 17 hints622 364 261
15 16 17 hints541 537 481
15 16 17 hints589 564 411
15 16 17 hints631 611 283
15 16 17 hints631 611 296
15 16 17 hints580 548 301
15 16 17 hints386 294 248
127 ) 88437
15 16 17 hints426 367 14
466 ) 853302
100 ) 88437
15 16 17 hints406 296 2
97 ) 95632
15 16 17 hints642 503 329
393 ) 760742
15 16 17 hints531 324 296
15 16 17 hints535 443 246
15 16 17 hints535 382 318
15 16 17 hints663 561 324
15 16 17 hints620 359 267
15 16 17 hints620 359 267
15 16 17 hints571 432 382
15 16 17 hints571 435 382
15 16 17 hints405 215 13
15 16 17 hints586 175 53
284 ) 416724
200 ) 90246
211 ) 94008
147 ) 355766
297 ) 438346
15 16 17 hints504 280 252
15 16 17 hints530 446 351
15 16 17 hints683 639 520
15 16 17 hints473 467 279
15 16 17 hints495 395 278
79 ) 38510
15 16 17 hints482 201 65
121 ) 75008
163 ) 355766
198 ) 96456
115 ) 58122
15 16 17 hints588 95 27
131 ) 92084
90 ) 33984
709 ) 893561
186 ) 355766
115 ) 61350
112 ) 112282
206 ) 101442
147 ) 102658
15 16 17 hints530 502 268
120 ) 50706
99 ) 88437
15 16 17 hints311 69 36
102 ) 70860
15 16 17 hints711 677 155
15 16 17 hints485 101 5
123 ) 140544
92 ) 38886
132 ) 105456
188 ) 355766
122 ) 110008
15 16 17 hints584 478 207
15 16 17 hints577 298 36
15 16 17 hints369 329 180
146 ) 132520
103 ) 88136
15 16 17 hints718 372 4
128 ) 82000
110 ) 94708
15 16 17 hints331 288 89
128 ) 118672
15 16 17 hints515 289 270
205 ) 510816
170 ) 111973
149 ) 135166
124 ) 65004
206 ) 507076
130 ) 82000
102 ) 88437
15 16 17 hints568 350 7
108 ) 78120
125 ) 136496
163 ) 98988
111 ) 88437
15 16 17 hints282 173 65
15 16 17 hints539 491 363
15 16 17 hints539 489 362
15 16 17 hints666 335 24
174 ) 111973
200 ) 535288
116 ) 88437
15 16 17 hints634 509 301
15 16 17 hints635 517 134
15 16 17 hints674 34 14
212 ) 507076
137 ) 160770
166 ) 109378
15 16 17 hints598 256 92
15 16 17 hints613 580 279
157 ) 111973
94 ) 102658
15 16 17 hints653 517 22
143 ) 165326
233 ) 615081
155 ) 111973
204 ) 111084
15 16 17 hints704 597 276
313 ) 543752
161 ) 169336
135 ) 83263
15 16 17 hints571 551 326
89 ) 38886
154 ) 131974
15 16 17 hints490 350 291
15 16 17 hints348 300 283
15 16 17 hints708 462 332
15 16 17 hints705 672 444
15 16 17 hints622 246 93
15 16 17 hints384 298 39
15 16 17 hints381 298 42
15 16 17 hints385 298 42
15 16 17 hints384 298 43
15 16 17 hints628 246 93
224 ) 666743
1096 ) 1050631
145 ) 177198
191 ) 561837
124 ) 65004
89 ) 38886
161 ) 177198
95 ) 83263
15 16 17 hints203 144 12
147 ) 137206
112 ) 65004
268 ) 831951
120 ) 88437
15 16 17 hints646 496 264
193 ) 561837
130 ) 88437
15 16 17 hints418 253 40
15 16 17 hints517 456 256
15 16 17 hints133 67 6
133 ) 141826
15 16 17 hints369 205 9
15 16 17 hints517 211 99
15 16 17 hints404 351 205
15 16 17 hints297 132 45
154 ) 178904
15 16 17 hints275 262 188
15 16 17 hints384 224 101
15 16 17 hints464 159 37
15 16 17 hints240 83 37
15 16 17 hints305 206 81
15 16 17 hints234 221 133
15 16 17 hints658 280 8
15 16 17 hints657 279 26
15 16 17 hints422 140 54
131 ) 108804
134 ) 89982
15 16 17 hints311 45 23
130 ) 88437
15 16 17 hints382 232 42
92 ) 38886
131 ) 123053
15 16 17 hints422 385 292
15 16 17 hints598 296 252
96 ) 38886
343 ) 843116
15 16 17 hints162 50 37
15 16 17 hints606 289 47
15 16 17 hints286 182 1
15 16 17 hints295 209 143
15 16 17 hints568 362 20
15 16 17 hints412 171 28
15 16 17 hints568 362 21
15 16 17 hints263 207 11
15 16 17 hints362 352 53
15 16 17 hints685 522 182
107 ) 65004
132 ) 123053
15 16 17 hints476 230 179
95 ) 38886
89 ) 38886
110 ) 65004
112 ) 65004
132 ) 65004
91 ) 52244
98 ) 103002
15 16 17 hints588 253 7
150 ) 81210
15 16 17 hints264 83 27
15 16 17 hints254 82 28
15 16 17 hints255 83 29
15 16 17 hints254 82 28
15 16 17 hints577 551 379
95 ) 54865
15 16 17 hints659 187 36
15 16 17 hints587 106 27
125 ) 89982
15 16 17 hints421 376 31
15 16 17 hints421 376 31
15 16 17 hints481 410 40
120 ) 88437
15 16 17 hints343 93 37
15 16 17 hints514 213 100
15 16 17 hints451 339 37
714 ) 708328
15 16 17 hints514 491 22
15 16 17 hints514 491 26
15 16 17 hints536 496 27
15 16 17 hints536 496 35
15 16 17 hints582 426 176
15 16 17 hints582 426 176
15 16 17 hints577 536 289
15 16 17 hints657 491 249
15 16 17 hints657 491 249
15 16 17 hints504 249 102
108 ) 99867
15 16 17 hints683 345 137
133 ) 117726
15 16 17 hints245 105 75
89 ) 31908
15 16 17 hints495 433 246
1251 ) 1323189
129 ) 65004
129 ) 88437
15 16 17 hints499 285 254
92 ) 54865
15 16 17 hints613 588 263
98 ) 38886
91 ) 38886
210 ) 88437
15 16 17 hints415 397 135
15 16 17 hints595 147 27
147 ) 51534
108 ) 122846
127 ) 65004
126 ) 90556
145 ) 56910
132 ) 56910
114 ) 122846
128 ) 90556
151 ) 160168
123 ) 88437
15 16 17 hints625 596 296
118 ) 65004
123 ) 88437
15 16 17 hints716 455 400
15 16 17 hints454 399 67
15 16 17 hints437 404 60
137 ) 165841
140 ) 82000
211 ) 111084
15 16 17 hints692 666 22
15 16 17 hints692 657 13
15 16 17 hints568 327 305
145 ) 185202
137 ) 87786
15 16 17 hints711 580 64
291 ) 182598
102 ) 57456
15 16 17 hints404 139 4
114 ) 189137
15 16 17 hints499 213 41
15 16 17 hints499 213 38
15 16 17 hints661 570 2
15 16 17 hints659 636 12
15 16 17 hints610 254 81
108 ) 121370
108 ) 54865
15 16 17 hints640 588 317
137 ) 87786
15 16 17 hints588 558 74
185 ) 132520
115 ) 88437
15 16 17 hints642 273 35
173 ) 193168
144 ) 123096
122 ) 113834
125 ) 144789
15 16 17 hints681 651 326
15 16 17 hints704 359 165
142 ) 202788
142 ) 157552
193 ) 135166
165 ) 132520
329 ) 459012
99 ) 38886
1252 ) 1323189
132 ) 135121
148 ) 88437
15 16 17 hints608 334 14
164 ) 173402
15 16 17 hints483 442 40
15 16 17 hints625 153 71
15 16 17 hints382 141 80
628 ) 88668
179 ) 136496
122 ) 100829
15 16 17 hints481 202 60
15 16 17 hints626 226 58
259 ) 218647
179 ) 503744
142 ) 135166
193 ) 132520
196 ) 152148
127 ) 137285
172 ) 517470
102 ) 134531
145 ) 136398
125 ) 108804
109 ) 134531
339 ) 228771
171 ) 174174
146 ) 169292
15 16 17 hints384 335 91
15 16 17 hints592 281 265
15 16 17 hints651 562 325
128 ) 110796
266 ) 182416
109 ) 134531
130 ) 243132
146 ) 127834
180 ) 181250
110 ) 134531
129 ) 123053
15 16 17 hints717 590 517
15 16 17 hints630 514 279
15 16 17 hints676 444 252
360 ) 536156
661 ) 93612
119 ) 51534
130 ) 243132
15 16 17 hints671 293 31
15 16 17 hints671 293 175
15 16 17 hints710 391 165
15 16 17 hints710 503 328
15 16 17 hints537 474 418
15 16 17 hints710 508 415
15 16 17 hints648 476 292
15 16 17 hints567 476 285
15 16 17 hints651 573 346
15 16 17 hints651 573 346
114 ) 109100
93 ) 38886
117 ) 154008
120 ) 134531
153 ) 192767
15 16 17 hints712 605 221
15 16 17 hints532 62 50
15 16 17 hints510 236 17
15 16 17 hints690 505 106
15 16 17 hints582 137 23
15 16 17 hints640 533 500
15 16 17 hints666 555 122
15 16 17 hints673 185 56
118 ) 56910
299 ) 212468
242 ) 137206
103 ) 88437
15 16 17 hints568 518 18
124 ) 143442
122 ) 65004
114 ) 134531
184 ) 154948
116 ) 123053
15 16 17 hints580 515 263
15 16 17 hints584 515 182
15 16 17 hints346 197 95
205 ) 279196
114 ) 143442
92 ) 38886
98 ) 104674
123 ) 88437
15 16 17 hints621 530 45
15 16 17 hints659 531 351
15 16 17 hints547 241 29
202 ) 141826
15 16 17 hints615 361 340
15 16 17 hints677 514 424
209 ) 218866
100 ) 104674
128 ) 113834
125 ) 169851
125 ) 51534
213 ) 266666
15 16 17 hints565 541 28
15 16 17 hints640 529 127
15 16 17 hints560 164 136
15 16 17 hints354 64 49
15 16 17 hints546 379 59
15 16 17 hints546 379 59
15 16 17 hints556 435 128
15 16 17 hints649 379 324
130 ) 75008
469 ) 562568
199 ) 300230
1160 ) 1387541
108 ) 100829
15 16 17 hints441 123 56
311 ) 194808
119 ) 121370
115 ) 169851
132 ) 113834
123 ) 56910
103 ) 90556
218 ) 257822
122 ) 169851
119 ) 88437
15 16 17 hints612 514 18
15 16 17 hints675 498 243
15 16 17 hints675 496 162
15 16 17 hints501 163 27
126 ) 92084
177 ) 201521
158 ) 130710
180 ) 132520
237 ) 304041
114 ) 111084
15 16 17 hints650 619 608
15 16 17 hints370 71 2
15 16 17 hints439 41 27
15 16 17 hints563 71 20
197 ) 173828
160 ) 130710
147 ) 316282
15 16 17 hints483 452 142
15 16 17 hints449 320 119
15 16 17 hints323 198 128
15 16 17 hints537 297 155
15 16 17 hints470 154 133
15 16 17 hints200 193 147
192 ) 247470
180 ) 135166
478 ) 562568
375 ) 367558
134 ) 187785
15 16 17 hints677 244 4
15 16 17 hints279 83 18
15 16 17 hints281 104 2
15 16 17 hints575 558 34
15 16 17 hints593 563 34
15 16 17 hints575 563 34
15 16 17 hints574 287 261
15 16 17 hints518 255 88
148 ) 158032
217 ) 247914
15 16 17 hints525 86 42
15 16 17 hints523 86 42
15 16 17 hints606 86 42
15 16 17 hints604 86 42
15 16 17 hints530 86 42
15 16 17 hints523 86 42
15 16 17 hints710 499 401
15 16 17 hints715 609 593
15 16 17 hints665 376 68
15 16 17 hints674 547 266
241 ) 156242
126 ) 86661
15 16 17 hints718 598 283
152 ) 158032
274 ) 852510
112 ) 58122
15 16 17 hints654 165 121
198 ) 596576
15 16 17 hints615 470 237
146 ) 178904
15 16 17 hints544 149 13
15 16 17 hints542 149 11
15 16 17 hints302 292 47
15 16 17 hints550 518 274
15 16 17 hints704 226 213
15 16 17 hints613 544 121
15 16 17 hints613 542 119
15 16 17 hints604 238 219
392 ) 383888
15 16 17 hints358 74 27
15 16 17 hints560 536 62
15 16 17 hints707 523 156
15 16 17 hints560 119 62
15 16 17 hints533 479 149
15 16 17 hints198 142 44
15 16 17 hints358 197 144
15 16 17 hints181 125 55
15 16 17 hints703 527 68
15 16 17 hints532 54 32
243 ) 156242
244 ) 176629
103 ) 38886
105 ) 88437
15 16 17 hints664 621 3
282 ) 859957
168 ) 88437
15 16 17 hints333 147 2
116 ) 70302
124 ) 94996
140 ) 88437
15 16 17 hints469 272 250
110 ) 78996
313 ) 235349
178 ) 928738
329 ) 176767
167 ) 104674
140 ) 109828
119 ) 235499
129 ) 177665
15 16 17 hints677 414 85
15 16 17 hints679 583 182
15 16 17 hints728 179 99
136 ) 110008
15 16 17 hints667 524 128
15 16 17 hints669 443 46
15 16 17 hints624 288 11
15 16 17 hints297 278 126
174 ) 111110
125 ) 235499
99 ) 88437
15 16 17 hints693 569 125
306 ) 1004100
15 16 17 hints671 454 163
15 16 17 hints512 276 215
15 16 17 hints606 533 197
15 16 17 hints655 203 46
15 16 17 hints614 607 197
15 16 17 hints614 607 197
15 16 17 hints692 585 15
15 16 17 hints492 287 116
15 16 17 hints692 567 23
15 16 17 hints695 492 5
328 ) 270085
184 ) 270310
135 ) 260427
152 ) 173166
15 16 17 hints429 402 41
15 16 17 hints567 410 263
15 16 17 hints582 410 401
15 16 17 hints581 402 271
15 16 17 hints687 379 288
102 ) 134118
1616 ) 1429793
15 16 17 hints671 522 342
15 16 17 hints684 671 324
15 16 17 hints666 590 351
15 16 17 hints689 508 329
15 16 17 hints552 496 412
15 16 17 hints580 469 348
15 16 17 hints727 654 331
15 16 17 hints727 654 331
15 16 17 hints599 579 311
15 16 17 hints653 634 331
92 ) 38886
89 ) 38886
137 ) 260427
108 ) 145144
15 16 17 hints580 290 2
15 16 17 hints336 81 58
91 ) 78120
96 ) 38886
326 ) 282532
136 ) 260427
357 ) 270512
125 ) 110796
137 ) 88437
15 16 17 hints325 306 9
15 16 17 hints248 171 78
15 16 17 hints723 578 243
115 ) 75939
15 16 17 hints676 643 247
143 ) 88437
15 16 17 hints563 428 54
15 16 17 hints563 428 54
15 16 17 hints539 392 50
142 ) 260427
119 ) 127834
97 ) 94708
15 16 17 hints523 495 51
206 ) 297281
15 16 17 hints698 397 38
15 16 17 hints617 394 38
15 16 17 hints716 515 137
15 16 17 hints644 515 137
15 16 17 hints708 199 83
15 16 17 hints708 199 83
15 16 17 hints698 350 277
15 16 17 hints695 350 277
15 16 17 hints713 350 277
15 16 17 hints599 350 271
114 ) 162270
15 16 17 hints667 169 55
15 16 17 hints670 194 21
15 16 17 hints525 49 21
143 ) 260427
293 ) 317484
127 ) 141360
124 ) 88437
15 16 17 hints122 54 12
138 ) 260427
115 ) 143442
205 ) 351851
106 ) 75939
15 16 17 hints536 457 13
97 ) 38886
139 ) 143442
248 ) 272238
190 ) 205162
101 ) 38886
118 ) 88437
15 16 17 hints708 668 247
105 ) 123053
15 16 17 hints453 421 12
258 ) 443256
172 ) 160164
116 ) 65004
89 ) 38886
200 ) 205162
201 ) 280012
15 16 17 hints194 136 81
15 16 17 hints192 136 81
15 16 17 hints209 113 105
15 16 17 hints209 111 105
15 16 17 hints209 32 24
15 16 17 hints209 113 105
15 16 17 hints209 111 105
15 16 17 hints209 30 24
15 16 17 hints423 192 135
15 16 17 hints424 243 198
105 ) 34638
15 16 17 hints342 281 63
128 ) 88437
15 16 17 hints542 226 47
15 16 17 hints560 226 47
15 16 17 hints481 92 65
15 16 17 hints391 272 43
149 ) 122358
15 16 17 hints712 120 19
15 16 17 hints554 496 298
163 ) 88437
15 16 17 hints708 140 4
210 ) 166986
257 ) 488133
243 ) 212450
107 ) 83263
15 16 17 hints687 400 259
130 ) 169851
165 ) 139892
94 ) 38886
192 ) 489181
104 ) 56910
139 ) 169851
136 ) 185322
126 ) 65004
249 ) 212450
108 ) 88437
15 16 17 hints650 553 56
15 16 17 hints699 16 3
133 ) 117726
15 16 17 hints315 299 108
144 ) 169967
172 ) 209290
89 ) 65004
282 ) 492592
174 ) 96456
179 ) 253095
169 ) 173828
106 ) 132465
15 16 17 hints177 36 14
120 ) 108804
197 ) 234178
155 ) 97212
110 ) 90556
179 ) 253095
81 ) 35976
15 16 17 hints665 230 22
129 ) 123053
15 16 17 hints282 133 3
15 16 17 hints628 476 153
15 16 17 hints449 161 119
93 ) 102658
15 16 17 hints461 420 123
100 ) 95632
15 16 17 hints679 63 35
15 16 17 hints672 641 63
151 ) 242503
15 16 17 hints555 502 329
15 16 17 hints567 557 227
15 16 17 hints713 186 131
15 16 17 hints718 583 230
15 16 17 hints657 560 167
300 ) 498152
136 ) 123096
227 ) 192752
15 16 17 hints699 252 108
15 16 17 hints282 99 3
15 16 17 hints656 585 468
15 16 17 hints687 443 261
15 16 17 hints639 443 26
15 16 17 hints639 506 51
15 16 17 hints699 264 116
15 16 17 hints699 264 108
15 16 17 hints510 281 248
15 16 17 hints570 291 57
113 ) 88437
15 16 17 hints563 293 262
238 ) 293150
85 ) 54865
15 16 17 hints305 58 10
191 ) 130284
201 ) 257592
91 ) 52244
117 ) 128500
15 16 17 hints587 470 4
128 ) 88437
15 16 17 hints686 452 310
308 ) 517128
15 16 17 hints687 568 127
15 16 17 hints694 489 199
15 16 17 hints697 577 543
15 16 17 hints215 151 118
15 16 17 hints718 147 143
15 16 17 hints675 583 82
15 16 17 hints677 555 61
15 16 17 hints691 498 37
15 16 17 hints595 546 42
15 16 17 hints697 577 545
126 ) 117160
87 ) 54865
15 16 17 hints630 561 31
15 16 17 hints638 561 29
170 ) 131772
170 ) 261797
237 ) 293150
127 ) 117160
157 ) 132520
120 ) 122846
126 ) 122846
184 ) 149776
104 ) 110208
112 ) 88437
15 16 17 hints397 257 9
411 ) 295756
416 ) 399616
112 ) 123028
15 16 17 hints497 137 21
15 16 17 hints558 460 6
179 ) 197964
162 ) 152148
15 16 17 hints600 474 120
15 16 17 hints600 474 129
15 16 17 hints650 276 264
15 16 17 hints690 660 480
15 16 17 hints596 206 9
15 16 17 hints651 336 288
15 16 17 hints650 294 264
15 16 17 hints620 567 3
15 16 17 hints570 354 114
15 16 17 hints691 584 377
185 ) 128500
15 16 17 hints633 396 29
15 16 17 hints633 402 29
15 16 17 hints633 360 72
15 16 17 hints633 366 78
15 16 17 hints642 365 140
113 ) 88437
15 16 17 hints403 235 8
226 ) 297912
176 ) 258549
150 ) 185930
149 ) 126616
15 16 17 hints686 385 250
104 ) 103002
15 16 17 hints378 346 19
152 ) 160992
92 ) 38886
422 ) 399616
15 16 17 hints620 354 326
15 16 17 hints701 354 326
15 16 17 hints623 476 371
15 16 17 hints704 476 371
15 16 17 hints624 468 276
15 16 17 hints543 470 276
15 16 17 hints542 479 270
15 16 17 hints621 477 272
15 16 17 hints677 540 492
15 16 17 hints600 542 486
222 ) 303917
15 16 17 hints472 233 202
15 16 17 hints565 318 59
15 16 17 hints442 351 269
15 16 17 hints473 135 44
15 16 17 hints536 279 229
157 ) 185930
256 ) 350520
139 ) 124170
131 ) 133335
15 16 17 hints523 319 244
149 ) 161512
99 ) 38886
160 ) 291722
85 ) 29220
15 16 17 hints586 561 361
101 ) 38886
158 ) 189028
15 16 17 hints479 125 108
15 16 17 hints276 159 110
15 16 17 hints317 198 191
132 ) 111084
15 16 17 hints699 489 250
142 ) 132520
133 ) 187252
186 ) 360396
102 ) 113834
103 ) 44592
202 ) 295584
133 ) 65004
132 ) 135166
127 ) 193156
162 ) 399464
116 ) 130710
113 ) 45664
15 16 17 hints657 449 225
15 16 17 hints342 188 63
135 ) 65004
126 ) 149776
169 ) 198242
143 ) 195767
131 ) 88437
15 16 17 hints525 246 90
15 16 17 hints687 246 90
15 16 17 hints687 246 90
15 16 17 hints687 246 189
15 16 17 hints687 246 189
15 16 17 hints384 201 54
320 ) 354384
171 ) 154948
117 ) 123053
15 16 17 hints728 651 251
160 ) 206808
292 ) 431066
158 ) 235349
143 ) 165326
184 ) 355213
15 16 17 hints626 336 326
15 16 17 hints668 398 246
15 16 17 hints444 415 300
15 16 17 hints579 567 519
151 ) 209496
181 ) 123053
15 16 17 hints564 430 19
241 ) 88437
15 16 17 hints346 178 55
182 ) 273627
91 ) 29220
15 16 17 hints623 293 29
237 ) 470549
174 ) 84306
15 16 17 hints502 384 246
164 ) 165841
168 ) 215466
132 ) 331019
15 16 17 hints525 329 35
15 16 17 hints669 129 17
15 16 17 hints172 42 3
15 16 17 hints457 384 35
15 16 17 hints212 198 1
15 16 17 hints201 168 10
90 ) 38886
144 ) 170498
87 ) 38886
96 ) 48126
105 ) 90246
234 ) 470549
179 ) 252106
15 16 17 hints480 405 370
15 16 17 hints400 152 93
15 16 17 hints724 504 328
15 16 17 hints477 465 9
15 16 17 hints247 135 55
15 16 17 hints724 337 218
15 16 17 hints333 325 234
15 16 17 hints319 66 23
15 16 17 hints321 301 225
130 ) 90556
138 ) 51534
122 ) 173136
15 16 17 hints396 119 63
15 16 17 hints486 76 2
15 16 17 hints481 417 221
15 16 17 hints725 477 162
15 16 17 hints509 324 220
15 16 17 hints423 116 72
15 16 17 hints333 170 58
15 16 17 hints563 407 67
15 16 17 hints407 167 76
106 ) 65004
108 ) 50706
120 ) 94008
104 ) 90556
95 ) 53178
94 ) 52000
15 16 17 hints645 136 30
114 ) 114720
15 16 17 hints352 339 225
15 16 17 hints486 257 100
164 ) 110796
114 ) 88437
15 16 17 hints660 83 30
15 16 17 hints660 105 30
15 16 17 hints714 150 85
135 ) 56910
186 ) 481466
106 ) 114026
15 16 17 hints576 234 4
15 16 17 hints593 176 12
15 16 17 hints570 318 111
113 ) 111084
15 16 17 hints461 440 220
15 16 17 hints463 434 203
86 ) 78120
134 ) 57954
130 ) 123053
15 16 17 hints501 474 265
15 16 17 hints542 275 263
88 ) 103002
15 16 17 hints644 483 39
96 ) 62930
15 16 17 hints676 172 31
15 16 17 hints728 298 4
15 16 17 hints303 220 4
15 16 17 hints514 210 136
15 16 17 hints696 226 31
203 ) 533804
15 16 17 hints475 214 72
15 16 17 hints477 277 212
15 16 17 hints320 294 153
15 16 17 hints320 261 27
15 16 17 hints530 345 120
15 16 17 hints306 120 74
15 16 17 hints482 448 222
15 16 17 hints484 446 222
15 16 17 hints531 125 34
15 16 17 hints272 267 237
142 ) 82428
119 ) 97212
100 ) 90556
107 ) 111110
105 ) 114026
15 16 17 hints690 669 480
15 16 17 hints582 285 222
96 ) 94708
15 16 17 hints318 304 48
15 16 17 hints689 464 354
15 16 17 hints462 358 201
15 16 17 hints302 228 38
15 16 17 hints626 271 38
15 16 17 hints575 389 3
15 16 17 hints641 240 82
101 ) 119422
70 ) 38886
109 ) 123053
15 16 17 hints686 39 11
88 ) 65004
124 ) 138788
90 ) 88437
15 16 17 hints484 220 7
15 16 17 hints511 241 90
15 16 17 hints315 286 7
104 ) 141562
15 16 17 hints555 450 253
15 16 17 hints623 83 80
15 16 17 hints585 553 344
15 16 17 hints625 243 56
backtrack all (425 121 ) 273708
15 16 17 hints135 321 408
