300 300 300 300 
1 4 -> [ 15 1 241 ] [ 17 0 398 ] [ 17 1 230 ] [ 17 2 34 ]
2 1 15 1
2 0 17 0
2 1 17 1
2 2 17 2

300 300 300 300 
1 4 -> [ 16 0 343 ] [ 16 2 517 ] [ 16 3 653 ] [ 17 0 564 ]
2 0 16 0
2 2 16 2
2 3 16 3
2 0 17 0

300 300 300 300 
2 4 -> [ 14 1 714 ] [ 16 2 623 ] [ 17 0 327 ] [ 17 1 58 ]
3 1 14 0 1
3 2 16 1 2
3 0 17 1 0
3 1 17 0 1

300 300 300 300 
2 4 -> [ 16 3 674 ] [ 17 0 300 ] [ 17 0 493 ] [ 18 1 263 ]
3 3 16 0 3
3 0 17 0 0
3 0 17 0 0
3 1 18 2 1

300 300 300 300 
3 4 -> [ 17 3 538 ] [ 18 1 127 ] [ 19 0 164 ] [ 19 0 486 ]
4 3 17 0 1 3
4 1 18 1 2 1
4 0 19 0 1 0
4 0 19 0 1 0

300 300 300 300 
3 4 -> [ 12 2 464 ] [ 16 2 305 ] [ 17 3 621 ] [ 18 0 86 ]
4 2 12 0 0 2
4 2 16 0 0 2
4 3 17 2 1 3
4 0 18 0 3 0

300 299 300 300 
4 4 -> [ 15 0 164 ] [ 15 1 8 ] [ 16 1 365 ] [ 17 2 133 ]
5 0 15 0 1 3 0
5 1 15 1 2 1 1
5 1 16 1 2 1 1
5 2 17 0 1 0 2

300 300 300 300 
4 4 -> [ 15 0 689 ] [ 15 1 179 ] [ 16 0 182 ] [ 17 1 689 ]
5 0 15 0 0 2 0
5 1 15 0 0 2 1
5 0 16 0 0 2 0
5 1 17 0 0 2 1

300 300 300 300 
5 4 -> [ 15 1 393 ] [ 15 2 666 ] [ 15 3 415 ] [ 17 1 14 ]
6 1 15 1 2 1 1 1
6 2 15 1 2 1 1 2
6 3 15 0 1 0 2 3
6 1 17 1 2 1 1 1

300 300 300 300 
5 4 -> [ 14 0 305 ] [ 15 0 94 ] [ 15 3 195 ] [ 15 3 214 ]
6 0 14 0 0 2 0 0
6 0 15 0 0 2 0 0
6 3 15 0 0 2 1 3
6 3 15 0 0 2 1 3

300 300 300 292 
6 4 -> [ 13 1 610 ] [ 13 3 666 ] [ 14 3 294 ] [ 15 1 316 ]
7 1 13 1 2 1 1 2 1
7 3 13 1 2 1 1 1 3
7 3 14 1 2 1 1 1 3
7 1 15 1 2 1 1 2 1

300 300 300 300 
6 4 -> [ 15 0 313 ] [ 15 3 65 ] [ 16 3 416 ] [ 18 0 310 ]
7 0 15 0 0 2 0 0 0
7 3 15 0 0 2 1 3 3
7 3 16 0 0 2 1 3 3
7 0 18 0 0 2 0 0 0

297 290 290 300 
7 4 -> [ 10 1 175 ] [ 11 0 223 ] [ 12 0 35 ] [ 14 1 168 ]
8 1 10 1 2 1 1 1 3 1
8 0 11 1 2 1 1 2 1 0
8 0 12 1 2 1 1 2 1 0
8 1 14 1 2 1 1 1 3 1

294 300 300 295 
7 4 -> [ 13 0 371 ] [ 14 0 337 ] [ 14 3 358 ] [ 15 3 558 ]
8 0 13 0 0 2 0 0 0 0
8 0 14 0 0 2 0 0 0 0
8 3 14 0 0 2 0 0 0 3
8 3 15 0 0 2 0 0 0 3

278 291 281 277 
8 4 -> [ 9 2 281 ] [ 11 2 444 ] [ 13 0 430 ] [ 13 1 98 ]
9 2 9 1 2 1 1 2 1 0 2
9 2 11 1 2 1 1 2 1 0 2
9 0 13 1 2 1 1 1 3 1 0
9 1 13 1 2 1 1 2 1 0 1

289 284 288 289 
8 4 -> [ 5 1 351 ] [ 9 0 337 ] [ 9 1 375 ] [ 9 2 326 ]
9 1 5 0 0 2 0 0 0 0 1
9 0 9 0 0 2 0 0 0 0 0
9 1 9 0 0 2 0 0 0 0 1
9 2 9 0 0 2 0 0 0 3 2

408 421 456 441 
9 4 -> [ 17 0 477 ] [ 19 0 649 ] [ 20 3 496 ] [ 21 3 69 ]
10 0 17 1 2 1 1 2 1 0 2 0
10 0 19 1 2 1 1 2 1 0 2 0
10 3 20 1 2 1 1 2 1 0 1 3
10 3 21 1 2 1 1 2 1 0 1 3

402 408 408 409 
9 4 -> [ 12 0 89 ] [ 12 3 131 ] [ 13 1 205 ] [ 14 1 89 ]
10 0 12 0 0 2 0 0 0 0 1 0
10 3 12 0 0 2 0 0 0 3 2 3
10 1 13 0 0 2 0 0 0 0 0 1
10 1 14 0 0 2 0 0 0 0 0 1

520 511 564 472 
10 4 -> [ 10 3 316 ] [ 13 0 431 ] [ 17 3 478 ] [ 18 0 721 ]
11 3 10 1 2 1 1 2 1 0 1 3 3
11 0 13 1 2 1 1 2 1 0 2 0 0
11 3 17 1 2 1 1 2 1 0 1 3 3
11 0 18 1 2 1 1 2 1 0 2 0 0

425 426 386 423 
10 4 -> [ 14 0 291 ] [ 16 2 420 ] [ 17 2 274 ] [ 20 0 294 ]
11 0 14 0 0 2 0 0 0 0 1 0 0
11 2 16 0 0 2 0 0 0 0 0 1 2
11 2 17 0 0 2 0 0 0 0 0 1 2
11 0 20 0 0 2 0 0 0 0 1 0 0

370 312 365 312 
11 4 -> [ 9 3 61 ] [ 9 3 222 ] [ 17 1 102 ] [ 19 0 331 ]
12 3 9 1 2 1 1 2 1 0 2 0 0 3
12 3 9 1 2 1 1 2 1 0 2 0 0 3
12 1 17 1 2 1 1 2 1 0 2 0 0 1
12 0 19 1 2 1 1 2 1 0 1 3 3 0

264 248 222 261 
11 4 -> [ 4 2 615 ] [ 8 2 24 ] [ 11 0 51 ] [ 11 1 9 ]
12 2 4 0 0 2 0 0 0 0 0 1 2 2
12 2 8 0 0 2 0 0 0 0 0 1 2 2
12 0 11 0 0 2 0 0 0 0 1 0 0 0
12 1 11 0 0 2 0 0 0 0 0 1 2 1

291 316 248 351 
12 4 -> [ 9 1 512 ] [ 9 2 500 ] [ 9 2 572 ] [ 10 0 94 ]
13 1 9 1 2 1 1 2 1 0 2 0 0 3 1
13 2 9 1 2 1 1 2 1 0 2 0 0 1 2
13 2 9 1 2 1 1 2 1 0 2 0 0 1 2
13 0 10 1 2 1 1 2 1 0 2 0 0 3 0

152 195 205 199 
12 4 -> [ 6 0 116 ] [ 6 0 639 ] [ 7 1 656 ] [ 7 2 176 ]
13 0 6 0 0 2 0 0 0 0 0 1 2 2 0
13 0 6 0 0 2 0 0 0 0 0 1 2 2 0
13 1 7 0 0 2 0 0 0 0 0 1 2 2 1
13 2 7 0 0 2 0 0 0 0 1 0 0 0 2

257 287 270 279 
13 50 -> [ 7 0 292 ] [ 7 0 294 ] [ 9 0 319 ] [ 10 0 318 ] [ 10 0 376 ] [ 10 1 598 ] [ 11 0 250 ] [ 11 0 326 ] [ 11 1 723 ] [ 12 0 330 ] [ 12 0 340 ] [ 12 0 491 ] [ 12 0 519 ] [ 12 2 516 ] [ 12 2 519 ] [ 12 3 250 ] [ 13 0 248 ] [ 13 0 331 ] [ 13 0 339 ] [ 13 0 500 ] [ 13 0 516 ] [ 13 1 61 ] [ 13 2 220 ] [ 13 2 678 ] [ 14 0 517 ] [ 14 0 561 ] [ 14 1 65 ] [ 14 2 331 ] [ 14 2 492 ] [ 14 2 559 ] [ 14 3 292 ] [ 14 3 517 ] [ 15 0 256 ] [ 15 0 259 ] [ 15 0 291 ] [ 15 1 678 ] [ 15 2 561 ] [ 15 3 679 ] [ 16 0 258 ] [ 16 0 322 ] [ 16 0 335 ] [ 16 0 375 ] [ 16 0 474 ] [ 16 0 562 ] [ 16 1 681 ] [ 16 2 723 ] [ 16 3 305 ] [ 16 3 384 ] [ 16 3 493 ] [ 16 3 519 ]
137 168 257 209 
13 50 -> [ 3 0 645 ] [ 4 2 99 ] [ 5 0 33 ] [ 6 0 21 ] [ 6 0 180 ] [ 6 1 18 ] [ 6 1 22 ] [ 7 1 12 ] [ 7 2 103 ] [ 8 0 102 ] [ 8 0 230 ] [ 8 0 576 ] [ 8 0 621 ] [ 8 0 630 ] [ 8 0 656 ] [ 8 1 132 ] [ 8 3 593 ] [ 9 0 12 ] [ 9 0 213 ] [ 9 0 587 ] [ 9 1 9 ] [ 9 1 89 ] [ 9 1 148 ] [ 9 1 656 ] [ 9 2 102 ] [ 9 3 90 ] [ 9 3 162 ] [ 9 3 587 ] [ 10 0 2 ] [ 10 0 18 ] [ 10 0 20 ] [ 10 0 24 ] [ 10 0 27 ] [ 10 0 126 ] [ 10 0 227 ] [ 10 0 495 ] [ 10 0 639 ] [ 10 0 650 ] [ 10 0 708 ] [ 10 1 11 ] [ 10 1 108 ] [ 10 1 170 ] [ 10 1 557 ] [ 10 2 12 ] [ 10 2 615 ] [ 10 2 645 ] [ 10 3 510 ] [ 10 3 591 ] [ 11 0 9 ] [ 11 0 11 ]
14 0 536384 1 2 1 1 2 1 0 2 0 0 3 1 0
14 0 536384 1 2 1 1 2 1 0 2 0 0 3 1 0
14 2 626770 1 2 1 1 2 1 0 2 0 0 1 2 2
14 0 636460 1 2 1 1 2 1 0 2 0 0 3 1 0

14 1 795855 0 0 2 0 0 0 0 0 1 2 2 0 1
14 3 830159 0 0 2 0 0 0 0 1 0 0 0 2 3
14 1 832134 0 0 2 0 0 0 0 0 1 2 2 0 1
14 1 879815 0 0 2 0 0 0 0 0 1 2 2 0 1

14 4 -> [ 20648 0 656 ] [ 22540 1 29 ] [ 23480 2 656 ] [ 30859 0 197 ]
15 0 20648 0 0 2 0 0 0 0 0 1 2 2 0 1 0
15 1 22540 0 0 2 0 0 0 0 1 0 0 0 2 3 1
15 2 23480 0 0 2 0 0 0 0 0 1 2 2 0 1 2
15 0 30859 0 0 2 0 0 0 0 0 1 2 2 0 1 0

15 4 -> [ 140 2 96 ] [ 145 0 96 ] [ 234 3 33 ] [ 471 0 92 ]
16 2 140 0 0 2 0 0 0 0 0 1 2 2 0 1 2 2
16 0 145 0 0 2 0 0 0 0 0 1 2 2 0 1 0 0
16 3 234 0 0 2 0 0 0 0 0 1 2 2 0 1 0 3
16 0 471 0 0 2 0 0 0 0 0 1 2 2 0 1 0 0

16 4 -> [ 3 2 668 ] [ 4 0 54 ] [ 4 2 542 ] [ 7 1 57 ]
17 2 3 0 0 2 0 0 0 0 0 1 2 2 0 1 0 3 2
17 0 4 0 0 2 0 0 0 0 0 1 2 2 0 1 2 2 0
17 2 4 0 0 2 0 0 0 0 0 1 2 2 0 1 0 3 2
17 1 7 0 0 2 0 0 0 0 0 1 2 2 0 1 0 0 1

17 4 -> [ 1 0 87 ] [ 1 1 81 ] [ 1 2 166 ] [ 1 3 130 ]
18 0 1 0 0 2 0 0 0 0 0 1 2 2 0 1 0 3 2 0
18 1 1 0 0 2 0 0 0 0 0 1 2 2 0 1 2 2 0 1
18 2 1 0 0 2 0 0 0 0 0 1 2 2 0 1 0 3 2 2
18 3 1 0 0 2 0 0 0 0 0 1 2 2 0 1 0 0 1 3

18 0 1 0 0 2 0 0 0 0 0 1 2 2 0 1 0 3 2 0
18 1 1 0 0 2 0 0 0 0 0 1 2 2 0 1 2 2 0 1
18 2 1 0 0 2 0 0 0 0 0 1 2 2 0 1 0 3 2 2
18 3 1 0 0 2 0 0 0 0 0 1 2 2 0 1 0 0 1 3

17 2 2 1 2 1 1 2 1 0 2 0 0 1 2 2 2
17 0 7 1 2 1 1 2 1 0 2 0 0 3 1 0 0
17 1 7 1 2 1 1 2 1 0 2 0 0 3 1 0 1
17 3 10 1 2 1 1 2 1 0 2 0 0 3 1 0 3

17 4 -> [ 16 1 679 ] [ 16 2 678 ] [ 20 1 476 ] [ 20 2 476 ]
18 1 16 1 2 1 1 2 1 0 2 0 0 3 1 0 0 1
18 2 16 1 2 1 1 2 1 0 2 0 0 3 1 0 1 2
18 1 20 1 2 1 1 2 1 0 2 0 0 3 1 0 0 1
18 2 20 1 2 1 1 2 1 0 2 0 0 3 1 0 1 2

18 4 -> [ 1 0 325 ] [ 1 1 325 ] [ 2 2 535 ] [ 2 3 534 ]
19 0 1 1 2 1 1 2 1 0 2 0 0 3 1 0 0 1 0
19 1 1 1 2 1 1 2 1 0 2 0 0 3 1 0 1 2 1
19 2 2 1 2 1 1 2 1 0 2 0 0 3 1 0 0 1 2
19 3 2 1 2 1 1 2 1 0 2 0 0 3 1 0 1 2 3

19 0 1 1 2 1 1 2 1 0 2 0 0 3 1 0 0 1 0
19 1 1 1 2 1 1 2 1 0 2 0 0 3 1 0 1 2 1
19 2 2 1 2 1 1 2 1 0 2 0 0 3 1 0 0 1 2
19 3 2 1 2 1 1 2 1 0 2 0 0 3 1 0 1 2 3

300 300 300 300 
1 4 -> [ 16 2 6 ] [ 17 2 600 ] [ 17 3 593 ] [ 17 3 631 ]
2 2 16 2
2 2 17 2
2 3 17 3
2 3 17 3

300 300 300 300 
1 4 -> [ 15 0 347 ] [ 15 0 587 ] [ 17 1 408 ] [ 17 3 472 ]
2 0 15 0
2 0 15 0
2 1 17 1
2 3 17 3

300 300 300 300 
2 4 -> [ 13 2 399 ] [ 15 1 178 ] [ 15 3 274 ] [ 17 0 191 ]
3 2 13 3 2
3 1 15 2 1
3 3 15 3 3
3 0 17 2 0

300 300 300 300 
2 4 -> [ 10 2 591 ] [ 15 0 209 ] [ 17 1 7 ] [ 17 1 547 ]
3 2 10 1 2
3 0 15 0 0
3 1 17 0 1
3 1 17 0 1

300 300 300 299 
3 4 -> [ 15 0 247 ] [ 15 0 448 ] [ 15 3 75 ] [ 16 1 424 ]
4 0 15 3 2 0
4 0 15 3 2 0
4 3 15 2 0 3
4 1 16 2 1 1

300 300 300 299 
3 4 -> [ 16 2 539 ] [ 17 1 579 ] [ 18 0 393 ] [ 19 0 353 ]
4 2 16 0 1 2
4 1 17 0 0 1
4 0 18 1 2 0
4 0 19 1 2 0

300 300 300 300 
4 4 -> [ 13 2 291 ] [ 15 3 78 ] [ 16 2 544 ] [ 17 1 284 ]
5 2 13 2 0 3 2
5 3 15 2 1 1 3
5 2 16 2 0 3 2
5 1 17 3 2 0 1

300 300 300 300 
4 4 -> [ 17 0 119 ] [ 18 0 135 ] [ 18 1 276 ] [ 18 3 725 ]
5 0 17 0 1 2 0
5 0 18 0 1 2 0
5 1 18 0 0 1 1
5 3 18 1 2 0 3

300 300 300 300 
5 4 -> [ 15 0 344 ] [ 15 0 699 ] [ 18 1 209 ] [ 18 3 193 ]
6 0 15 2 0 3 2 0
6 0 15 2 0 3 2 0
6 1 18 2 1 1 3 1
6 3 18 3 2 0 1 3

300 300 300 300 
5 4 -> [ 15 2 131 ] [ 16 0 170 ] [ 16 0 466 ] [ 16 2 396 ]
6 2 15 0 0 1 1 2
6 0 16 0 1 2 0 0
6 0 16 0 1 2 0 0
6 2 16 0 0 1 1 2

298 291 300 300 
6 4 -> [ 8 0 198 ] [ 12 0 618 ] [ 13 1 460 ] [ 14 1 379 ]
7 0 8 2 0 3 2 0 0
7 0 12 2 0 3 2 0 0
7 1 13 2 0 3 2 0 1
7 1 14 2 0 3 2 0 1

300 300 300 300 
6 4 -> [ 9 0 15 ] [ 12 0 441 ] [ 13 2 700 ] [ 15 1 577 ]
7 0 9 0 0 1 1 2 0
7 0 12 0 0 1 1 2 0
7 2 13 0 1 2 0 0 2
7 1 15 0 1 2 0 0 1

285 287 295 289 
7 4 -> [ 7 3 70 ] [ 11 0 13 ] [ 12 3 457 ] [ 13 0 17 ]
8 3 7 2 0 3 2 0 1 3
8 0 11 2 0 3 2 0 0 0
8 3 12 2 0 3 2 0 1 3
8 0 13 2 0 3 2 0 0 0

297 283 298 300 
7 4 -> [ 10 0 412 ] [ 10 2 204 ] [ 10 2 517 ] [ 11 0 326 ]
8 0 10 0 0 1 1 2 0 0
8 2 10 0 1 2 0 0 2 2
8 2 10 0 1 2 0 0 2 2
8 0 11 0 0 1 1 2 0 0

272 258 270 251 
8 4 -> [ 5 3 585 ] [ 7 1 666 ] [ 7 2 612 ] [ 8 0 14 ]
9 3 5 2 0 3 2 0 0 0 3
9 1 7 2 0 3 2 0 0 0 1
9 2 7 2 0 3 2 0 1 3 2
9 0 8 2 0 3 2 0 1 3 0

292 282 286 269 
8 4 -> [ 5 2 366 ] [ 8 1 642 ] [ 8 3 306 ] [ 10 3 305 ]
9 2 5 0 1 2 0 0 2 2 2
9 1 8 0 1 2 0 0 2 2 1
9 3 8 0 0 1 1 2 0 0 3
9 3 10 0 0 1 1 2 0 0 3

324 325 357 346 
9 4 -> [ 15 1 378 ] [ 16 0 378 ] [ 16 0 468 ] [ 18 1 387 ]
10 1 15 2 0 3 2 0 0 0 1 1
10 0 16 2 0 3 2 0 0 0 3 0
10 0 16 2 0 3 2 0 0 0 3 0
10 1 18 2 0 3 2 0 0 0 1 1

396 453 382 392 
9 4 -> [ 12 0 422 ] [ 12 1 62 ] [ 13 2 538 ] [ 14 0 413 ]
10 0 12 0 1 2 0 0 2 2 2 0
10 1 12 0 1 2 0 0 2 2 1 1
10 2 13 0 0 1 1 2 0 0 3 2
10 0 14 0 1 2 0 0 2 2 2 0

421 427 409 400 
10 4 -> [ 12 3 643 ] [ 15 1 728 ] [ 16 3 562 ] [ 18 1 564 ]
11 3 12 2 0 3 2 0 0 0 1 1 3
11 1 15 2 0 3 2 0 0 0 3 0 1
11 3 16 2 0 3 2 0 0 0 1 1 3
11 1 18 2 0 3 2 0 0 0 3 0 1

426 513 439 394 
10 4 -> [ 11 1 267 ] [ 13 1 261 ] [ 15 3 156 ] [ 16 2 697 ]
11 1 11 0 1 2 0 0 2 2 1 1 1
11 1 13 0 1 2 0 0 2 2 1 1 1
11 3 15 0 1 2 0 0 2 2 2 0 3
11 2 16 0 0 1 1 2 0 0 3 2 2

353 335 353 354 
11 4 -> [ 9 3 535 ] [ 10 0 620 ] [ 10 0 686 ] [ 11 1 605 ]
12 3 9 2 0 3 2 0 0 0 3 0 1 3
12 0 10 2 0 3 2 0 0 0 1 1 3 0
12 0 10 2 0 3 2 0 0 0 1 1 3 0
12 1 11 2 0 3 2 0 0 0 3 0 1 1

291 305 347 400 
11 4 -> [ 11 0 726 ] [ 11 2 640 ] [ 12 0 67 ] [ 12 2 639 ]
12 0 11 0 1 2 0 0 2 2 1 1 1 0
12 2 11 0 1 2 0 0 2 2 2 0 3 2
12 0 12 0 1 2 0 0 2 2 1 1 1 0
12 2 12 0 1 2 0 0 2 2 2 0 3 2

277 273 254 256 
12 4 -> [ 2 3 278 ] [ 4 2 274 ] [ 4 3 714 ] [ 6 2 436 ]
13 3 2 2 0 3 2 0 0 0 3 0 1 1 3
13 2 4 2 0 3 2 0 0 0 1 1 3 0 2
13 3 4 2 0 3 2 0 0 0 3 0 1 1 3
13 2 6 2 0 3 2 0 0 0 1 1 3 0 2

240 240 237 249 
12 4 -> [ 2 0 383 ] [ 3 0 379 ] [ 6 1 662 ] [ 6 3 660 ]
13 0 2 0 1 2 0 0 2 2 1 1 1 0 0
13 0 3 0 1 2 0 0 2 2 1 1 1 0 0
13 1 6 0 1 2 0 0 2 2 2 0 3 2 1
13 3 6 0 1 2 0 0 2 2 2 0 3 2 3

228 236 235 243 
13 50 -> [ 4 3 389 ] [ 5 2 90 ] [ 5 3 96 ] [ 6 2 546 ] [ 7 2 96 ] [ 7 3 90 ] [ 8 3 167 ] [ 9 1 64 ] [ 9 2 94 ] [ 9 3 162 ] [ 10 0 315 ] [ 10 2 91 ] [ 10 2 540 ] [ 10 3 91 ] [ 10 3 308 ] [ 11 0 454 ] [ 11 3 95 ] [ 11 3 262 ] [ 11 3 473 ] [ 12 0 317 ] [ 12 3 267 ] [ 13 0 316 ] [ 13 1 89 ] [ 13 2 24 ] [ 13 2 389 ] [ 13 3 176 ] [ 13 3 324 ] [ 13 3 469 ] [ 14 0 46 ] [ 14 0 68 ] [ 14 0 175 ] [ 14 0 455 ] [ 14 3 168 ] [ 14 3 254 ] [ 15 1 171 ] [ 15 2 261 ] [ 15 2 262 ] [ 15 2 549 ] [ 15 2 625 ] [ 16 0 176 ] [ 16 0 319 ] [ 16 2 172 ] [ 16 2 308 ] [ 16 2 473 ] [ 16 2 634 ] [ 16 3 94 ] [ 16 3 345 ] [ 16 3 347 ] [ 17 0 172 ] [ 17 1 170 ]
169 176 256 166 
13 50 -> [ 3 0 221 ] [ 5 1 230 ] [ 5 3 474 ] [ 6 0 550 ] [ 6 0 556 ] [ 6 2 599 ] [ 8 0 257 ] [ 8 2 574 ] [ 8 3 421 ] [ 8 3 422 ] [ 9 0 248 ] [ 9 0 473 ] [ 9 3 465 ] [ 9 3 548 ] [ 10 0 220 ] [ 10 1 260 ] [ 10 1 469 ] [ 10 3 230 ] [ 10 3 467 ] [ 10 3 703 ] [ 11 0 258 ] [ 11 0 475 ] [ 11 1 251 ] [ 11 3 233 ] [ 11 3 473 ] [ 11 3 628 ] [ 12 0 259 ] [ 12 0 331 ] [ 12 0 472 ] [ 12 1 233 ] [ 12 1 543 ] [ 12 2 275 ] [ 12 2 334 ] [ 12 2 338 ] [ 12 3 511 ] [ 12 3 626 ] [ 13 0 142 ] [ 13 0 223 ] [ 13 0 240 ] [ 13 0 329 ] [ 13 0 465 ] [ 13 0 718 ] [ 13 1 232 ] [ 13 1 257 ] [ 13 1 258 ] [ 13 1 464 ] [ 13 1 466 ] [ 13 1 545 ] [ 13 2 572 ] [ 13 2 598 ]
14 3 88536 2 0 3 2 0 0 0 1 1 3 0 2 3
14 0 91556 2 0 3 2 0 0 0 3 0 1 1 3 0
14 0 91556 2 0 3 2 0 0 0 3 0 1 1 3 0
14 0 91556 2 0 3 2 0 0 0 3 0 1 1 3 0

14 4 -> [ 1432 1 717 ] [ 1432 2 717 ] [ 1432 3 717 ] [ 2402 1 555 ]
15 1 1432 2 0 3 2 0 0 0 3 0 1 1 3 0 1
15 2 1432 2 0 3 2 0 0 0 3 0 1 1 3 0 2
15 3 1432 2 0 3 2 0 0 0 3 0 1 1 3 0 3
15 1 2402 2 0 3 2 0 0 0 3 0 1 1 3 0 1

15 4 -> [ 25 0 653 ] [ 25 1 652 ] [ 25 2 652 ] [ 28 0 258 ]
16 0 25 2 0 3 2 0 0 0 3 0 1 1 3 0 1 0
16 1 25 2 0 3 2 0 0 0 3 0 1 1 3 0 2 1
16 2 25 2 0 3 2 0 0 0 3 0 1 1 3 0 3 2
16 0 28 2 0 3 2 0 0 0 3 0 1 1 3 0 1 0

16 4 -> [ 1 3 419 ] [ 2 0 328 ] [ 2 1 329 ] [ 2 2 331 ]
17 3 1 2 0 3 2 0 0 0 3 0 1 1 3 0 1 0 3
17 0 2 2 0 3 2 0 0 0 3 0 1 1 3 0 1 0 0
17 1 2 2 0 3 2 0 0 0 3 0 1 1 3 0 2 1 1
17 2 2 2 0 3 2 0 0 0 3 0 1 1 3 0 3 2 2

17 3 1 2 0 3 2 0 0 0 3 0 1 1 3 0 1 0 3
17 0 2 2 0 3 2 0 0 0 3 0 1 1 3 0 1 0 0
17 1 2 2 0 3 2 0 0 0 3 0 1 1 3 0 2 1 1
17 2 2 2 0 3 2 0 0 0 3 0 1 1 3 0 3 2 2

14 0 147660 0 1 2 0 0 2 2 1 1 1 0 0 0
14 0 156420 0 1 2 0 0 2 2 1 1 1 0 0 0
14 1 185352 0 1 2 0 0 2 2 1 1 1 0 0 1
14 0 188152 0 1 2 0 0 2 2 1 1 1 0 0 0

17 3 5 0 1 2 0 0 2 2 1 1 1 0 0 0 3
17 0 8 0 1 2 0 0 2 2 1 1 1 0 0 0 0
17 1 10 0 1 2 0 0 2 2 1 1 1 0 0 0 1
17 2 11 0 1 2 0 0 2 2 1 1 1 0 0 1 2

17 4 -> [ 17 3 130 ] [ 20 3 67 ] [ 22 0 417 ] [ 38 0 414 ]
18 3 17 0 1 2 0 0 2 2 1 1 1 0 0 1 2 3
18 3 20 0 1 2 0 0 2 2 1 1 1 0 0 1 2 3
18 0 22 0 1 2 0 0 2 2 1 1 1 0 0 0 3 0
18 0 38 0 1 2 0 0 2 2 1 1 1 0 0 0 3 0

18 4 -> [ 1 0 329 ] [ 1 1 90 ] [ 1 2 99 ] [ 2 0 327 ]
19 0 1 0 1 2 0 0 2 2 1 1 1 0 0 1 2 3 0
19 1 1 0 1 2 0 0 2 2 1 1 1 0 0 1 2 3 1
19 2 1 0 1 2 0 0 2 2 1 1 1 0 0 0 3 0 2
19 0 2 0 1 2 0 0 2 2 1 1 1 0 0 1 2 3 0

19 0 1 0 1 2 0 0 2 2 1 1 1 0 0 1 2 3 0
19 1 1 0 1 2 0 0 2 2 1 1 1 0 0 1 2 3 1
19 2 1 0 1 2 0 0 2 2 1 1 1 0 0 0 3 0 2
19 0 2 0 1 2 0 0 2 2 1 1 1 0 0 1 2 3 0

